100 1.890E-04
103 2.130E-04
106 3.570E-04
109 2.410E-04
112 2.070E-04
116 2.520E-04
119 2.790E-04
123 2.870E-04
127 3.080E-04
131 3.270E-04
135 6.110E-04
139 3.550E-04
143 4.090E-04
148 4.050E-04
152 5.380E-04
157 4.530E-04
162 5.400E-04
167 6.000E-04
172 9.310E-04
177 5.930E-04
183 6.810E-04
188 6.550E-04
194 7.560E-04
200 7.550E-04
206 9.130E-04
213 9.550E-04
219 9.830E-04
226 1.113E-03
233 1.118E-03
240 1.072E-03
247 1.351E-03
255 1.439E-03
263 1.700E-03
271 1.938E-03
279 2.252E-03
288 2.034E-03
297 2.438E-03
306 2.602E-03
315 2.878E-03
325 3.140E-03
335 3.652E-03
345 4.252E-03
356 3.653E-03
367 4.779E-03
378 4.575E-03
390 6.578E-03
402 8.544E-03
414 6.132E-03
427 1.139E-02
440 1.090E-02
454 1.319E-02
468 1.121E-02
482 1.436E-02
497 1.008E-02
512 1.597E-02
528 1.298E-02
544 2.284E-02
561 1.857E-02
578 1.965E-02
596 2.279E-02
614 3.360E-02
633 1.978E-02
653 3.848E-02
673 3.338E-02
693 3.224E-02
715 2.956E-02
737 2.955E-02
759 3.530E-02
783 4.136E-02
807 4.918E-02
831 6.529E-02
857 5.216E-02
883 5.077E-02
910 5.515E-02
938 5.955E-02
967 6.553E-02
997 8.896E-02
1028 9.027E-02
1059 1.032E-01
1092 1.053E-01
1125 1.202E-01
1160 1.398E-01
1196 1.313E-01
1232 1.389E-01
1270 2.486E-01
1309 1.850E-01
1350 1.956E-01
1391 2.667E-01
1434 2.315E-01
1478 2.559E-01
1523 2.887E-01
1570 4.426E-01
1618 3.416E-01
1668 5.112E-01
1719 4.094E-01
1772 4.219E-01
1827 4.665E-01
1883 5.065E-01
1941 5.531E-01
2000 5.455E-01
