100 5.070E-04
103 5.040E-04
106 8.920E-04
109 5.850E-04
112 6.020E-04
116 6.650E-04
119 7.920E-04
123 8.180E-04
127 8.950E-04
131 1.010E-03
135 1.628E-03
139 1.176E-03
143 1.271E-03
148 1.480E-03
152 2.604E-03
157 1.757E-03
162 2.766E-03
167 2.133E-03
172 3.314E-03
177 2.516E-03
183 2.752E-03
188 2.926E-03
194 3.277E-03
200 6.052E-03
206 3.889E-03
213 4.313E-03
219 4.657E-03
226 5.032E-03
233 5.540E-03
240 5.985E-03
247 6.534E-03
255 7.182E-03
263 8.007E-03
271 8.771E-03
279 9.500E-03
288 1.037E-02
297 1.266E-02
306 1.255E-02
315 1.525E-02
325 1.508E-02
335 2.081E-02
345 2.023E-02
356 1.940E-02
367 2.464E-02
378 2.605E-02
390 4.316E-02
402 5.278E-02
414 3.545E-02
427 6.556E-02
440 7.133E-02
454 4.799E-02
468 6.938E-02
482 9.443E-02
497 7.044E-02
512 7.073E-02
528 6.742E-02
544 1.693E-01
561 1.162E-01
578 1.008E-01
596 1.880E-01
614 2.926E-01
633 1.438E-01
653 2.213E-01
673 1.769E-01
693 2.268E-01
715 2.007E-01
737 2.061E-01
759 3.152E-01
783 3.439E-01
807 4.772E-01
831 4.831E-01
857 4.226E-01
883 4.125E-01
910 4.310E-01
938 5.178E-01
967 6.051E-01
997 8.593E-01
1028 8.832E-01
1059 9.796E-01
1092 1.174E+00
1125 1.304E+00
1160 2.036E+00
1196 1.543E+00
1232 1.651E+00
1270 2.701E+00
1309 2.291E+00
1350 2.501E+00
1391 2.551E+00
1434 2.835E+00
1478 3.119E+00
1523 3.476E+00
1570 4.216E+00
1618 4.220E+00
1668 5.541E+00
1719 5.048E+00
1772 6.799E+00
1827 6.302E+00
1883 6.279E+00
1941 6.318E+00
2000 6.751E+00
