100 1.065E-03
103 1.410E-03
106 1.245E-03
109 1.335E-03
112 1.489E-03
116 2.697E-03
119 2.196E-03
123 3.143E-03
127 2.203E-03
131 3.529E-03
135 2.631E-03
139 2.827E-03
143 3.512E-03
148 3.545E-03
152 3.799E-03
157 4.166E-03
162 5.793E-03
167 6.524E-03
172 7.236E-03
177 6.003E-03
183 6.698E-03
188 8.962E-03
194 8.519E-03
200 1.221E-02
206 1.030E-02
213 1.302E-02
219 1.241E-02
226 1.368E-02
233 1.686E-02
240 1.591E-02
247 1.736E-02
255 1.938E-02
263 2.144E-02
271 2.494E-02
279 3.160E-02
288 3.215E-02
297 3.449E-02
306 3.637E-02
315 4.070E-02
325 4.499E-02
335 4.814E-02
345 5.361E-02
356 5.624E-02
367 5.657E-02
378 7.094E-02
390 1.037E-01
402 9.738E-02
414 1.182E-01
427 1.089E-01
440 1.719E-01
454 1.680E-01
468 2.013E-01
482 2.454E-01
497 1.841E-01
512 4.743E-01
528 1.851E-01
544 2.791E-01
561 3.670E-01
578 2.557E-01
596 2.792E-01
614 3.117E-01
633 5.601E-01
653 5.404E-01
673 5.427E-01
693 5.981E-01
715 5.674E-01
737 5.508E-01
759 6.748E-01
783 7.244E-01
807 7.579E-01
831 8.446E-01
857 1.013E+00
883 1.400E+00
910 1.165E+00
938 1.056E+00
967 1.156E+00
997 1.273E+00
1028 1.740E+00
1059 1.650E+00
1092 2.106E+00
1125 2.629E+00
1160 3.339E+00
1196 2.730E+00
1232 3.146E+00
1270 2.863E+00
1309 3.483E+00
1350 3.690E+00
1391 5.236E+00
1434 5.504E+00
1478 5.187E+00
1523 5.865E+00
1570 6.375E+00
1618 7.451E+00
1668 8.545E+00
1719 1.139E+01
1772 1.104E+01
1827 1.380E+01
1883 1.504E+01
1941 1.609E+01
2000 1.788E+01
