100 4.320E-04
103 4.910E-04
106 6.500E-04
109 5.720E-04
112 5.910E-04
116 6.540E-04
119 7.610E-04
123 7.990E-04
127 8.720E-04
131 9.550E-04
135 1.586E-03
139 1.182E-03
143 1.230E-03
148 2.476E-03
152 1.612E-03
157 1.722E-03
162 1.972E-03
167 2.058E-03
172 2.260E-03
177 2.829E-03
183 2.688E-03
188 2.882E-03
194 6.357E-03
200 3.430E-03
206 3.792E-03
213 4.479E-03
219 4.550E-03
226 4.927E-03
233 5.426E-03
240 5.923E-03
247 6.357E-03
255 6.996E-03
263 7.758E-03
271 8.913E-03
279 1.138E-02
288 1.023E-02
297 1.117E-02
306 1.205E-02
315 1.295E-02
325 1.435E-02
335 1.697E-02
345 1.801E-02
356 1.893E-02
367 2.105E-02
378 2.345E-02
390 3.247E-02
402 4.600E-02
414 5.800E-02
427 4.587E-02
440 6.666E-02
454 7.453E-02
468 6.282E-02
482 9.290E-02
497 7.257E-02
512 6.670E-02
528 7.141E-02
544 1.250E-01
561 8.644E-02
578 9.625E-02
596 1.875E-01
614 1.265E-01
633 1.805E-01
653 1.178E-01
673 1.846E-01
693 1.813E-01
715 2.704E-01
737 1.750E-01
759 3.736E-01
783 2.318E-01
807 2.416E-01
831 3.559E-01
857 3.356E-01
883 5.286E-01
910 4.617E-01
938 7.661E-01
967 4.149E-01
997 4.822E-01
1028 5.956E-01
1059 5.988E-01
1092 6.597E-01
1125 7.307E-01
1160 1.012E+00
1196 8.456E-01
1232 1.169E+00
1270 1.163E+00
1309 1.247E+00
1350 1.358E+00
1391 1.489E+00
1434 1.630E+00
1478 1.788E+00
1523 3.119E+00
1570 2.150E+00
1618 2.310E+00
1668 4.062E+00
1719 2.851E+00
1772 3.666E+00
1827 3.423E+00
1883 3.202E+00
1941 3.552E+00
2000 3.926E+00
