100 1.100E-03
103 1.185E-03
106 1.280E-03
109 1.345E-03
112 1.518E-03
116 1.740E-03
119 1.917E-03
123 2.216E-03
127 2.201E-03
131 2.403E-03
135 2.619E-03
139 2.880E-03
143 4.509E-03
148 4.554E-03
152 3.879E-03
157 4.136E-03
162 4.546E-03
167 5.026E-03
172 5.609E-03
177 6.075E-03
183 1.001E-02
188 7.175E-03
194 1.007E-02
200 8.706E-03
206 1.210E-02
213 1.107E-02
219 1.378E-02
226 1.398E-02
233 1.514E-02
240 1.503E-02
247 1.664E-02
255 1.893E-02
263 2.027E-02
271 2.318E-02
279 2.527E-02
288 3.008E-02
297 3.144E-02
306 3.254E-02
315 3.701E-02
325 4.096E-02
335 4.569E-02
345 4.941E-02
356 7.761E-02
367 6.814E-02
378 7.388E-02
390 1.116E-01
402 2.163E-01
414 1.791E-01
427 2.141E-01
440 2.306E-01
454 3.572E-01
468 1.944E-01
482 2.689E-01
497 3.453E-01
512 4.031E-01
528 2.184E-01
544 4.480E-01
561 2.831E-01
578 3.036E-01
596 7.885E-01
614 5.145E-01
633 4.829E-01
653 3.898E-01
673 9.488E-01
693 7.495E-01
715 1.101E+00
737 6.833E-01
759 1.380E+00
783 1.130E+00
807 1.158E+00
831 1.784E+00
857 1.930E+00
883 3.584E+00
910 1.568E+00
938 1.885E+00
967 2.802E+00
997 3.206E+00
1028 2.734E+00
1059 3.493E+00
1092 2.721E+00
1125 4.317E+00
1160 5.371E+00
1196 3.677E+00
1232 4.111E+00
1270 5.347E+00
1309 7.747E+00
1350 6.153E+00
1391 8.621E+00
1434 7.563E+00
1478 8.305E+00
1523 2.111E+01
1570 1.010E+01
1618 1.107E+01
1668 1.207E+01
1719 1.677E+01
1772 2.802E+01
1827 2.880E+01
1883 2.155E+01
1941 2.488E+01
2000 2.346E+01
