100 8.520E-04
103 9.170E-04
106 1.065E-03
109 1.124E-03
112 1.183E-03
116 2.757E-03
119 1.753E-03
123 3.478E-03
127 1.690E-03
131 4.453E-03
135 2.014E-03
139 2.296E-03
143 4.602E-03
148 3.165E-03
152 2.933E-03
157 3.240E-03
162 3.624E-03
167 3.859E-03
172 4.874E-03
177 5.141E-03
183 5.303E-03
188 8.883E-03
194 7.525E-03
200 8.797E-03
206 9.381E-03
213 9.855E-03
219 1.256E-02
226 1.473E-02
233 1.596E-02
240 1.873E-02
247 2.161E-02
255 2.488E-02
263 2.612E-02
271 4.144E-02
279 4.047E-02
288 7.454E-02
297 5.689E-02
306 6.431E-02
315 8.976E-02
325 1.007E-01
335 1.121E-01
345 1.152E-01
356 1.341E-01
367 1.702E-01
378 1.849E-01
390 2.305E-01
402 2.641E-01
414 2.467E-01
427 3.279E-01
440 4.098E-01
454 4.790E-01
468 5.288E-01
482 6.493E-01
497 7.650E-01
512 1.204E+00
528 6.782E-01
544 6.884E-01
561 1.003E+00
578 6.905E-01
596 7.932E-01
614 9.792E-01
633 1.308E+00
653 1.258E+00
673 1.421E+00
693 1.725E+00
715 1.772E+00
737 1.409E+00
759 1.986E+00
783 1.909E+00
807 2.109E+00
831 2.481E+00
857 3.195E+00
883 2.831E+00
910 3.704E+00
938 3.533E+00
967 3.903E+00
997 5.054E+00
1028 7.293E+00
1059 7.979E+00
1092 1.076E+01
1125 1.149E+01
1160 1.527E+01
1196 1.459E+01
1232 1.870E+01
1270 1.944E+01
1309 2.305E+01
1350 2.403E+01
1391 2.795E+01
1434 3.074E+01
1478 3.439E+01
1523 4.221E+01
1570 4.336E+01
1618 4.881E+01
1668 5.396E+01
1719 6.166E+01
1772 6.775E+01
1827 8.075E+01
1883 8.463E+01
1941 9.582E+01
2000 9.850E+01
