100 8.490E-04
103 9.260E-04
106 1.208E-03
109 1.085E-03
112 1.272E-03
116 1.295E-03
119 1.481E-03
123 1.615E-03
127 1.681E-03
131 1.876E-03
135 3.464E-03
139 2.186E-03
143 2.418E-03
148 5.660E-03
152 3.087E-03
157 3.298E-03
162 3.456E-03
167 3.819E-03
172 4.443E-03
177 9.917E-03
183 5.303E-03
188 7.345E-03
194 7.854E-03
200 8.442E-03
206 9.112E-03
213 9.861E-03
219 1.244E-02
226 1.525E-02
233 1.516E-02
240 1.508E-02
247 1.822E-02
255 1.764E-02
263 2.467E-02
271 4.176E-02
279 4.052E-02
288 7.448E-02
297 6.210E-02
306 6.490E-02
315 8.945E-02
325 9.939E-02
335 1.207E-01
345 1.297E-01
356 1.256E-01
367 1.602E-01
378 1.755E-01
390 2.329E-01
402 3.418E-01
414 3.775E-01
427 3.726E-01
440 3.995E-01
454 4.831E-01
468 4.473E-01
482 5.988E-01
497 6.331E-01
512 1.210E+00
528 5.066E-01
544 8.767E-01
561 8.523E-01
578 7.410E-01
596 1.111E+00
614 1.040E+00
633 9.327E-01
653 1.078E+00
673 1.403E+00
693 1.478E+00
715 1.701E+00
737 1.420E+00
759 1.809E+00
783 1.835E+00
807 2.088E+00
831 2.356E+00
857 2.672E+00
883 3.066E+00
910 2.934E+00
938 3.382E+00
967 3.823E+00
997 5.523E+00
1028 6.370E+00
1059 7.920E+00
1092 9.520E+00
1125 1.126E+01
1160 1.387E+01
1196 1.430E+01
1232 1.682E+01
1270 1.954E+01
1309 2.363E+01
1350 2.408E+01
1391 2.838E+01
1434 3.099E+01
1478 4.017E+01
1523 4.151E+01
1570 4.796E+01
1618 4.923E+01
1668 5.987E+01
1719 6.144E+01
1772 6.897E+01
1827 7.813E+01
1883 8.486E+01
1941 9.379E+01
2000 1.038E+02
