0.0000000000000000 -2.0000000000000000 -1.9999999999999996 -0.37757432495118174E-015 -0.58647218260374938E-016 0.43698428540613050E-016 0.15700924586837749E-015 1.9999999999999993 2.0000000000000000
0.14999999999999999 -2.0000000000000000 -1.9999999999999996 -0.37757432495118174E-015 -0.58647218260374938E-016 0.43698428540613050E-016 0.15700924586837749E-015 1.9999999999999993 2.0000000000000000
0.29999999999999999 -2.0000000000000000 -1.9999999999999996 -0.37757432495118174E-015 -0.58647218260374938E-016 0.43698428540613050E-016 0.15700924586837749E-015 1.9999999999999993 2.0000000000000000
0.44999999999999996 -2.0000000000000000 -1.9999999999999996 -0.37757432495118174E-015 -0.58647218260374938E-016 0.43698428540613050E-016 0.15700924586837749E-015 1.9999999999999993 2.0000000000000000
0.59999999999999998 -2.0000000000000000 -1.9999999999999996 -0.37757432495118174E-015 -0.58647218260374938E-016 0.43698428540613050E-016 0.15700924586837749E-015 1.9999999999999993 2.0000000000000000
0.75000000000000000 -2.0000000000000000 -1.9999999999999996 -0.37757432495118174E-015 -0.58647218260374938E-016 0.43698428540613050E-016 0.15700924586837749E-015 1.9999999999999993 2.0000000000000000
0.90000000000000002 -2.0000000000000000 -1.9999999999999996 -0.37757432495118174E-015 -0.58647218260374938E-016 0.43698428540613050E-016 0.15700924586837749E-015 1.9999999999999993 2.0000000000000000
1.0500000000000000 -2.0000000000000000 -1.9999999999999996 -0.37757432495118174E-015 -0.58647218260374938E-016 0.43698428540613050E-016 0.15700924586837749E-015 1.9999999999999993 2.0000000000000000
1.2000000000000000 -2.0000000000000000 -1.9999999999999996 -0.37757432495118174E-015 -0.58647218260374938E-016 0.43698428540613050E-016 0.15700924586837749E-015 1.9999999999999993 2.0000000000000000
1.3499999999999999 -2.0000000000000000 -1.9999999999999996 -0.37757432495118174E-015 -0.58647218260374938E-016 0.43698428540613050E-016 0.15700924586837749E-015 1.9999999999999993 2.0000000000000000
1.4999999999999998 -2.0000000000000000 -1.9999999999999996 -0.37757432495118174E-015 -0.58647218260374938E-016 0.43698428540613050E-016 0.15700924586837749E-015 1.9999999999999993 2.0000000000000000
1.6499999999999997 -2.0000000000000000 -1.9999999999999996 -0.37757432495118174E-015 -0.58647218260374938E-016 0.43698428540613050E-016 0.15700924586837749E-015 1.9999999999999993 2.0000000000000000
1.7999999999999996 -2.0000000000000000 -1.9999999999999996 -0.37757432495118174E-015 -0.58647218260374938E-016 0.43698428540613050E-016 0.15700924586837749E-015 1.9999999999999993 2.0000000000000000
1.9499999999999995 -2.0000000000000000 -1.9999999999999996 -0.37757432495118174E-015 -0.58647218260374938E-016 0.43698428540613050E-016 0.15700924586837749E-015 1.9999999999999993 2.0000000000000000
2.0999999999999996 -2.0000000000000000 -1.9999999999999996 -0.37757432495118174E-015 -0.58647218260374938E-016 0.43698428540613050E-016 0.15700924586837749E-015 1.9999999999999993 2.0000000000000000
2.2499999999999996 -2.0000000000000000 -1.9999999999999996 -0.37757432495118174E-015 -0.58647218260374938E-016 0.43698428540613050E-016 0.15700924586837749E-015 1.9999999999999993 2.0000000000000000
2.3999999999999995 -2.0000000000000000 -1.9999999999999996 -0.37757432495118174E-015 -0.58647218260374938E-016 0.43698428540613050E-016 0.15700924586837749E-015 1.9999999999999993 2.0000000000000000
2.5499999999999994 -2.0000000000000000 -1.9999999999999996 -0.37757432495118174E-015 -0.58647218260374938E-016 0.43698428540613050E-016 0.15700924586837749E-015 1.9999999999999993 2.0000000000000000
2.6999999999999993 -2.0000000000000000 -1.9999999999999996 -0.37757432495118174E-015 -0.58647218260374938E-016 0.43698428540613050E-016 0.15700924586837749E-015 1.9999999999999993 2.0000000000000000
2.8499999999999992 -2.0000000000000000 -1.9999999999999996 -0.37757432495118174E-015 -0.58647218260374938E-016 0.43698428540613050E-016 0.15700924586837749E-015 1.9999999999999993 2.0000000000000000
2.9999999999999991 -2.0000000000000000 -1.9999999999999996 -0.37757432495118174E-015 -0.58647218260374938E-016 0.43698428540613050E-016 0.15700924586837749E-015 1.9999999999999993 2.0000000000000000
