0.0000000000000000 -0.35309355928575581 0.18026047567793788E-001 -0.18026047567793819E-001 0.35309355928575598 0.18026047567793798E-001 -0.35309355928575570 0.35309355928575603 -0.18026047567793784E-001 -0.18026047567793829E-001 0.35309355928575586 -0.35309355928575592 0.18026047567793798E-001 0.35309355928575581 -0.18026047567793795E-001 0.18026047567793930E-001 -0.35309355928575598
0.0000000000000000 0.0000000000000000 0.0000000000000000 0.0000000000000000 0.0000000000000000 0.0000000000000000 0.0000000000000000 0.0000000000000000 0.0000000000000000 0.0000000000000000 0.0000000000000000 0.0000000000000000 0.0000000000000000 0.0000000000000000 0.0000000000000000 0.0000000000000000 0.0000000000000000
0.59999999999999998E-001 0.32303258376043520 -0.11973905712998498E-011 0.11616012694704852E-011 -0.35331026874280463 -0.11615520729316777E-011 0.35204008553440813 -0.34175410509916165 0.12713174886627276E-011 0.11974310415133287E-011 -0.36296201609314721 0.35204008553440796 -0.13094038644477012E-011 -0.35331026874280469 0.13094158868065294E-011 -0.12715160983773224E-011 0.38677114771678017
0.59999999999999998E-001 0.0000000000000000 0.0000000000000000 0.0000000000000000 0.0000000000000000 0.0000000000000000 0.0000000000000000 0.0000000000000000 0.0000000000000000 0.0000000000000000 0.0000000000000000 0.0000000000000000 0.0000000000000000 0.0000000000000000 0.0000000000000000 0.0000000000000000 0.0000000000000000
0.12000000000000000 -0.29487959327185947 0.74280544907136490E-013 -0.69897140775171854E-013 0.35252775156346128 0.69871910487383416E-013 -0.34747981527792066 0.32756280487112116 -0.83700066427984443E-013 -0.74312965990787010E-013 0.36993449383269700 -0.34747981527792060 0.88685797997919690E-013 0.35252775156346133 -0.88691443319433028E-013 0.83846079329695211E-013 -0.42291964876746729
0.12000000000000000 0.0000000000000000 0.0000000000000000 0.0000000000000000 0.0000000000000000 0.0000000000000000 0.0000000000000000 0.0000000000000000 0.0000000000000000 0.0000000000000000 0.0000000000000000 0.0000000000000000 0.0000000000000000 0.0000000000000000 0.0000000000000000 0.0000000000000000 0.0000000000000000
0.17999999999999999 -0.26873841159038031 0.15262313865423380E-013 -0.13950618956277330E-013 0.35105089149878527 0.13924285125511655E-013 -0.33982668389882470 0.31097395237438757 -0.18231191472301085E-013 -0.15296474574930713E-013 0.37436045774311538 -0.33982668389882470 0.19850547303144536E-013 0.35105089149878527 -0.19860779978097193E-013 0.18385674795259855E-013 -0.46205119601118777
0.17999999999999999 0.0000000000000000 0.0000000000000000 0.0000000000000000 0.0000000000000000 0.0000000000000000 0.0000000000000000 0.0000000000000000 0.0000000000000000 0.0000000000000000 0.0000000000000000 0.0000000000000000 0.0000000000000000 0.0000000000000000 0.0000000000000000 0.0000000000000000 0.0000000000000000
0.23999999999999999 -0.24428077632513381 0.52249643171942628E-014 -0.46493202389694230E-014 0.34863956475100016 0.46232171302634826E-014 -0.32905443806596102 0.29204177090231243 -0.66019249117128234E-014 -0.52533325785718352E-014 0.37607499714237830 -0.32905443806596102 0.73839713112841067E-014 0.34863956475100016 -0.74029280014152892E-014 0.67536080857588803E-014 -0.50393785752734155
0.23999999999999999 0.0000000000000000 0.0000000000000000 0.0000000000000000 0.0000000000000000 0.0000000000000000 0.0000000000000000 0.0000000000000000 0.0000000000000000 0.0000000000000000 0.0000000000000000 0.0000000000000000 0.0000000000000000 0.0000000000000000 0.0000000000000000 0.0000000000000000 0.0000000000000000
0.29999999999999999 -0.22125116690338834 0.15779949322947770E-014 -0.13878157502364253E-014 0.34500457904134446 0.13632924655990468E-014 -0.31522755914143158 0.27095696386418855 -0.21049176701569477E-014 -0.16105157974176030E-014 0.37490169070838114 -0.31522755914143158 0.24147173869674897E-014 0.34500457904134446 -0.24165573155517574E-014 0.22568283867276479E-014 -0.54798341213751001
0.29999999999999999 0.0000000000000000 -0.0000000000000000 0.0000000000000000 -0.0000000000000000 -0.0000000000000000 0.0000000000000000 -0.0000000000000000 0.0000000000000000 0.0000000000000000 -0.0000000000000000 0.0000000000000000 -0.0000000000000000 -0.0000000000000000 0.0000000000000000 -0.0000000000000000 0.0000000000000000
0.35999999999999999 -0.19950080943273182 0.92187951680587852E-015 -0.79449053068415443E-015 0.33986859120795182 0.76889827288408784E-015 -0.29858278773154284 0.24811534972191898 -0.12846359082483299E-014 -0.94331349573210936E-015 0.37072687789211251 -0.29858278773154279 0.15092783545522388E-014 0.33986859120795182 -0.15392293827377278E-014 0.14299095654000364E-014 -0.59319061138725659
0.35999999999999999 0.0000000000000000 0.0000000000000000 0.0000000000000000 0.0000000000000000 0.0000000000000000 0.0000000000000000 0.0000000000000000 0.0000000000000000 0.0000000000000000 0.0000000000000000 0.0000000000000000 0.0000000000000000 0.0000000000000000 0.0000000000000000 0.0000000000000000 0.0000000000000000
0.41999999999999998 0.17900200103603708 -0.41948329717051214E-015 0.36579904894275261E-015 -0.33304516441293269 -0.34564685255627850E-015 0.27958918302073149 -0.22414451204229210 0.61601977917231377E-015 0.44685139659740438E-015 -0.36358792310608229 0.27958918302073127 -0.74880792941464717E-015 -0.33304516441293269 0.75991758551478762E-015 -0.74512254799103525E-015 0.63823425003344081
0.41999999999999998 -0.0000000000000000 0.0000000000000000 -0.0000000000000000 0.0000000000000000 0.0000000000000000 -0.0000000000000000 0.0000000000000000 -0.0000000000000000 -0.0000000000000000 0.0000000000000000 -0.0000000000000000 0.0000000000000000 0.0000000000000000 -0.0000000000000000 0.0000000000000000 -0.0000000000000000
0.47999999999999998 -0.15983217828902457 0.38657226831329530E-015 -0.32346555352581778E-015 0.32451098250137350 0.30030629833814856E-015 -0.25894745592567142 0.19985682036208763 -0.58063793900242650E-015 -0.40254816286267016E-015 0.35373936148451712 -0.25894745592567142 0.72506360306557504E-015 0.32451098250137350 -0.77672847939599167E-015 0.71711809808343862E-015 -0.68165758624539596
0.47999999999999998 0.0000000000000000 0.0000000000000000 0.0000000000000000 0.0000000000000000 0.0000000000000000 0.0000000000000000 0.0000000000000000 0.0000000000000000 0.0000000000000000 0.0000000000000000 0.0000000000000000 0.0000000000000000 0.0000000000000000 0.0000000000000000 0.0000000000000000 0.0000000000000000
0.54000000000000004 0.14212678805247869 -0.17166063299398467E-015 0.15005660603266432E-015 -0.31443691320975242 -0.13179071224461741E-015 0.23750872488205588 -0.17612737929785066 0.26748655282629941E-015 0.18658090219396311E-015 -0.34165805461679449 0.23750872488205577 -0.34223028218478971E-015 -0.31443691320975226 0.36922199342652734E-015 -0.37875581628153805E-015 0.72214054208794387
0.54000000000000004 -0.0000000000000000 0.0000000000000000 -0.0000000000000000 0.0000000000000000 0.0000000000000000 -0.0000000000000000 0.0000000000000000 -0.0000000000000000 -0.0000000000000000 0.0000000000000000 -0.0000000000000000 0.0000000000000000 0.0000000000000000 0.0000000000000000 0.0000000000000000 -0.0000000000000000
0.60000000000000009 -0.12601706351676539 0.60502691348564724E-016 -0.63419500326339955E-016 0.30315870811897472 0.48085054694472186E-016 -0.21613629932434375 0.15374011232985610 -0.94008554324124573E-016 -0.74889396218124404E-016 0.32797546969467478 -0.21613629932434375 0.12181463084310580E-015 0.30315870811897472 -0.13169085322692097E-015 0.19565540734908339E-015 -0.75873286765105685
0.60000000000000009 0.0000000000000000 -0.0000000000000000 0.0000000000000000 -0.0000000000000000 0.0000000000000000 0.0000000000000000 -0.0000000000000000 0.0000000000000000 0.0000000000000000 -0.0000000000000000 0.0000000000000000 -0.0000000000000000 -0.0000000000000000 0.0000000000000000 -0.0000000000000000 0.0000000000000000
0.66000000000000014 -0.11157831696291154 0.60346604636276283E-016 -0.59715615239843347E-016 0.29110102241445052 0.44552991092504914E-016 -0.19556840738553180 0.13326650031384762 -0.94426292461602506E-016 -0.72733253729754631E-016 0.31336624720101897 -0.19556840738553186 0.12988627390563060E-015 0.29110102241445074 -0.15258635246004934E-015 0.19716114676579394E-015 -0.79096036547786019
0.66000000000000014 0.0000000000000000 -0.0000000000000000 0.0000000000000000 -0.0000000000000000 -0.0000000000000000 0.0000000000000000 -0.0000000000000000 0.0000000000000000 0.0000000000000000 -0.0000000000000000 0.0000000000000000 -0.0000000000000000 -0.0000000000000000 0.0000000000000000 -0.0000000000000000 0.0000000000000000
0.72000000000000020 -0.98806526150857055E-001 0.34024408602186329E-016 -0.40235530414055807E-016 0.27869147702128466 0.26273953811640374E-016 -0.17633410352384893 0.11501855819408623 -0.53153784983069616E-016 -0.47576589869248436E-016 0.29844254948229937 -0.17633410352384896 0.73126678444527282E-016 0.27869147702128466 -0.90650076575597571E-016 0.14885505077790769E-015 -0.81878857799784222
0.72000000000000020 0.0000000000000000 -0.0000000000000000 0.0000000000000000 0.0000000000000000 0.0000000000000000 0.0000000000000000 0.0000000000000000 0.0000000000000000 0.0000000000000000 0.0000000000000000 0.0000000000000000 -0.0000000000000000 0.0000000000000000 0.0000000000000000 0.0000000000000000 0.0000000000000000
0.78000000000000025 -0.87623509667039384E-001 0.36742581650079039E-016 -0.34709097524572429E-016 0.26629734171311842 0.24512733194219812E-016 -0.15873761056837801 0.99073146387490749E-001 -0.59781939104393694E-016 -0.43978581306291479E-016 0.28368939257151926 -0.15873761056837801 0.88893604672770382E-016 0.26629734171311842 -0.11280599574793940E-015 0.13102601222283706E-015 -0.84249816280871015
0.78000000000000025 0.0000000000000000 -0.0000000000000000 0.0000000000000000 -0.0000000000000000 -0.0000000000000000 0.0000000000000000 -0.0000000000000000 0.0000000000000000 0.0000000000000000 -0.0000000000000000 0.0000000000000000 -0.0000000000000000 -0.0000000000000000 0.0000000000000000 -0.0000000000000000 0.0000000000000000
0.84000000000000030 0.77898752942918412E-001 -0.40642311496321524E-016 0.33111898374571235E-016 -0.25419642661586461 -0.23596857350059269E-016 0.14289246911608178 -0.85335734033173655E-001 0.64083354626819745E-016 0.43012515253430846E-016 -0.26944672959002430 0.14289246911608175 -0.10093901976742640E-015 -0.25419642661586472 0.13902304449463589E-015 -0.13931819691325686E-015 0.86254269148342388
0.84000000000000030 -0.0000000000000000 0.0000000000000000 -0.0000000000000000 0.0000000000000000 0.0000000000000000 -0.0000000000000000 0.0000000000000000 0.0000000000000000 -0.0000000000000000 0.0000000000000000 -0.0000000000000000 0.0000000000000000 0.0000000000000000 0.0000000000000000 0.0000000000000000 -0.0000000000000000
0.90000000000000036 -0.69474680475112238E-001 0.25652995625371703E-016 -0.22135153142137320E-016 0.24257586949064180 0.14702086269113278E-016 -0.12877613995784848 0.73610403911836875E-001 -0.41013242269156991E-016 -0.28631922865347464E-016 0.25592401785085389 -0.12877613995784845 0.66818957036770212E-016 0.24257586949064167 -0.92505360729943136E-016 0.10261742325416717E-015 -0.87943446653672053
0.90000000000000036 0.0000000000000000 -0.0000000000000000 0.0000000000000000 -0.0000000000000000 -0.0000000000000000 0.0000000000000000 -0.0000000000000000 0.0000000000000000 0.0000000000000000 -0.0000000000000000 0.0000000000000000 -0.0000000000000000 -0.0000000000000000 0.0000000000000000 -0.0000000000000000 0.0000000000000000
0.96000000000000041 -0.62187349616418246E-001 0.12408672841100109E-016 -0.13402739319717838E-016 0.23154624009366256 0.78648936282600099E-017 -0.11628299197333362 0.63656692225510250E-001 -0.21168633374234160E-016 -0.16946503549845047E-016 0.24322905845106185 -0.11628299197333360 0.35082761694531191E-016 0.23154624009366245 -0.47410615794445181E-016 0.71921382184999327E-016 -0.89367185989043962
0.96000000000000041 0.0000000000000000 -0.0000000000000000 0.0000000000000000 -0.0000000000000000 -0.0000000000000000 0.0000000000000000 -0.0000000000000000 0.0000000000000000 0.0000000000000000 -0.0000000000000000 0.0000000000000000 -0.0000000000000000 -0.0000000000000000 0.0000000000000000 -0.0000000000000000 0.0000000000000000
1.0200000000000005 -0.55880081877818150E-001 0.10452602183379196E-016 -0.11609109390045846E-016 0.22116045040356794 0.61297681021194029E-017 -0.10526548665019057 0.55227732573013236E-001 -0.16174993521815900E-016 -0.14289789940924855E-016 0.23139817843611618 -0.10526548665019057 0.30196360958500862E-016 0.22116045040356785 -0.44476514661512539E-016 0.66335065208361015E-016 -0.90570230319669565
1.0200000000000005 0.0000000000000000 -0.0000000000000000 0.0000000000000000 -0.0000000000000000 -0.0000000000000000 0.0000000000000000 -0.0000000000000000 0.0000000000000000 0.0000000000000000 -0.0000000000000000 0.0000000000000000 -0.0000000000000000 -0.0000000000000000 0.0000000000000000 -0.0000000000000000 0.0000000000000000
1.0800000000000005 -0.50410783653422594E-001 0.98247695302614814E-017 -0.10252275789982429E-016 0.21143147241014623 0.55695648849622833E-017 -0.95561928072949123E-001 0.48092002076733739E-001 -0.16317824464225789E-016 -0.13432437827887942E-016 0.22042152424285583 -0.95561928072949123E-001 0.32842657588714771E-016 0.21143147241014618 -0.46061746213629460E-016 0.61690270664439333E-016 -0.91590914649493049
1.0800000000000005 0.0000000000000000 -0.0000000000000000 0.0000000000000000 0.0000000000000000 -0.0000000000000000 0.0000000000000000 0.0000000000000000 0.0000000000000000 0.0000000000000000 0.0000000000000000 0.0000000000000000 -0.0000000000000000 0.0000000000000000 0.0000000000000000 0.0000000000000000 0.0000000000000000
1.1400000000000006 0.45654792039172012E-001 -0.95185781777394426E-017 0.87706720232411693E-017 -0.20234651705450518 -0.44156748651067106E-017 0.87013115767659036E-001 -0.42043449501170282E-001 0.13546681989200383E-016 0.10822705948783223E-016 -0.21026184158658565 0.87013115767659049E-001 -0.25214103788109502E-016 -0.20234651705450518 0.49919172988548221E-016 -0.53863899318295503E-016 0.92461189465156124
1.1400000000000006 0.0000000000000000 0.0000000000000000 0.0000000000000000 0.0000000000000000 0.0000000000000000 0.0000000000000000 0.0000000000000000 0.0000000000000000 0.0000000000000000 0.0000000000000000 0.0000000000000000 0.0000000000000000 0.0000000000000000 0.0000000000000000 0.0000000000000000 0.0000000000000000
1.2000000000000006 -0.41505003251606234E-001 0.15925629325379898E-017 -0.34676430193443729E-017 0.19387739222286957 0.12019425670499046E-017 -0.79471171690425488E-001 0.36904469104653656E-001 -0.19995211844276637E-017 -0.39458725474050749E-017 0.20086736397211699 -0.79471171690425488E-001 0.40368487687815029E-017 0.19387739222286948 -0.70357519325013719E-017 0.25455274848971050E-016 -0.93207267756656287
1.2000000000000006 0.0000000000000000 -0.0000000000000000 0.0000000000000000 -0.0000000000000000 -0.0000000000000000 0.0000000000000000 -0.0000000000000000 0.0000000000000000 0.0000000000000000 -0.0000000000000000 0.0000000000000000 -0.0000000000000000 -0.0000000000000000 0.0000000000000000 -0.0000000000000000 0.0000000000000000
1.2600000000000007 -0.37870576033628117E-001 0.36465608110083213E-017 -0.52139893130739911E-017 0.18598762260836135 0.21553132411681272E-017 -0.72803387450964013E-001 0.32524977820170817E-001 -0.59834839325605168E-017 -0.63922999375352027E-017 0.19218015215357015 -0.72803387450964027E-001 0.13529028275087431E-016 0.18598762260836138 -0.18677138158376834E-016 0.37997458123189456E-016 -0.93850480895476407
1.2600000000000007 0.0000000000000000 -0.0000000000000000 0.0000000000000000 0.0000000000000000 -0.0000000000000000 0.0000000000000000 0.0000000000000000 0.0000000000000000 0.0000000000000000 0.0000000000000000 0.0000000000000000 -0.0000000000000000 0.0000000000000000 0.0000000000000000 0.0000000000000000 0.0000000000000000
1.3200000000000007 -0.34675032233980968E-001 0.33292431832092534E-017 -0.45484440134853612E-017 0.17863712124077749 0.17082354888496550E-017 -0.66893155050141442E-001 0.28779671176444328E-001 -0.44821921502551647E-017 -0.54782344852582188E-017 0.18414121474806766 -0.66893155050141442E-001 0.10224902263949408E-016 0.17863712124077749 -0.20476896403826382E-016 0.34853870895673339E-016 -0.94408132866938099
1.3200000000000007 0.0000000000000000 0.0000000000000000 0.0000000000000000 -0.0000000000000000 0.0000000000000000 0.0000000000000000 -0.0000000000000000 0.0000000000000000 0.0000000000000000 -0.0000000000000000 0.0000000000000000 0.0000000000000000 -0.0000000000000000 0.0000000000000000 0.0000000000000000 0.0000000000000000
1.3800000000000008 -0.31854224131534867E-001 0.25993300885710049E-017 -0.35458667525256824E-017 0.17178512778684676 0.13442660937697999E-017 -0.61639331503588878E-001 0.25564656558066941E-001 -0.39431334085042730E-017 -0.43785253935318025E-017 0.17669347478248318 -0.61639331503588794E-001 0.98773657991366486E-017 0.17178512778684671 -0.17119845312887462E-016 0.28415167207201545E-016 -0.94894262106590588
1.3800000000000008 0.0000000000000000 0.0000000000000000 0.0000000000000000 0.0000000000000000 0.0000000000000000 0.0000000000000000 0.0000000000000000 0.0000000000000000 0.0000000000000000 0.0000000000000000 0.0000000000000000 0.0000000000000000 0.0000000000000000 0.0000000000000000 0.0000000000000000 0.0000000000000000
1.4400000000000008 -0.29354408849901488E-001 0.20223084459657236E-017 -0.29391869738141081E-017 0.16539197118803170 0.10851588601059289E-017 -0.56954861223204901E-001 0.22794094467110185E-001 -0.32834229479070356E-017 -0.37230256382972946E-017 0.16978335173136402 -0.56954861223204901E-001 0.83022429043221525E-017 0.16539197118803164 -0.14310419160138867E-016 0.24443960358065082E-016 -0.95320283293353958
1.4400000000000008 0.0000000000000000 -0.0000000000000000 0.0000000000000000 -0.0000000000000000 -0.0000000000000000 0.0000000000000000 -0.0000000000000000 0.0000000000000000 0.0000000000000000 -0.0000000000000000 0.0000000000000000 -0.0000000000000000 -0.0000000000000000 0.0000000000000000 -0.0000000000000000 0.0000000000000000
1.5000000000000009 -0.27130534371534547E-001 0.21729471961388090E-017 -0.25958394673609390E-017 0.15942005923087130 0.90737608848000986E-018 -0.52765130056491069E-001 0.20397141206814521E-001 -0.27628523077352490E-017 -0.32649121713473742E-017 0.16336148344740331 -0.52765130056491048E-001 0.71958801463291844E-017 0.15942005923087141 -0.17462289770100539E-016 0.22448359370300145E-016 -0.95695511284023238
1.5000000000000009 0.0000000000000000 -0.0000000000000000 0.0000000000000000 -0.0000000000000000 -0.0000000000000000 0.0000000000000000 -0.0000000000000000 0.0000000000000000 0.0000000000000000 -0.0000000000000000 0.0000000000000000 -0.0000000000000000 -0.0000000000000000 0.0000000000000000 -0.0000000000000000 0.0000000000000000
1.5600000000000009 -0.25144767142710290E-001 0.60916456790709268E-018 -0.13094134081103969E-017 0.15383437288006827 0.31312241763585871E-018 -0.49006306946859410E-001 0.18315299709307835E-001 -0.44674736641620851E-018 -0.13263070136588173E-017 0.15738293204364195 -0.49006306946859424E-001 0.10588769232948765E-017 0.15383437288006824 -0.56392701361137897E-017 0.11923287185270762E-016 -0.96027581370317516
1.5600000000000009 0.0000000000000000 -0.0000000000000000 0.0000000000000000 -0.0000000000000000 -0.0000000000000000 0.0000000000000000 -0.0000000000000000 0.0000000000000000 0.0000000000000000 -0.0000000000000000 0.0000000000000000 -0.0000000000000000 -0.0000000000000000 0.0000000000000000 -0.0000000000000000 0.0000000000000000
1.6200000000000010 -0.23365253747175928E-001 0.13157584470757411E-017 -0.21715462218496031E-017 0.14860265159075767 0.60870040692537618E-018 -0.45623799793992913E-001 0.16500189201749126E-001 -0.15014716107737770E-017 -0.25272981824830095E-017 0.15180709341766452 -0.45623799793992913E-001 0.38080961237591953E-017 0.14860265159075761 -0.11761875251777938E-016 0.20587377774634143E-016 -0.96322783220109676
1.6200000000000010 0.0000000000000000 0.0000000000000000 0.0000000000000000 -0.0000000000000000 0.0000000000000000 0.0000000000000000 -0.0000000000000000 0.0000000000000000 0.0000000000000000 -0.0000000000000000 0.0000000000000000 -0.0000000000000000 -0.0000000000000000 0.0000000000000000 -0.0000000000000000 0.0000000000000000
1.6800000000000010 -0.21765092596809917E-001 0.97885831507159207E-018 -0.14631864206825118E-017 0.14369539186388408 0.44933059951154050E-018 -0.42570878468943647E-001 0.14911699900126028E-001 -0.15267694300885964E-017 -0.17411928669152109E-017 0.14659744759241655 -0.42570878468943626E-001 0.48273543834836505E-017 0.14369539186388408 -0.83344453909866176E-017 0.14515702681440091E-016 -0.96586325100226478
1.6800000000000010 0.0000000000000000 -0.0000000000000000 0.0000000000000000 -0.0000000000000000 -0.0000000000000000 0.0000000000000000 -0.0000000000000000 0.0000000000000000 0.0000000000000000 -0.0000000000000000 0.0000000000000000 -0.0000000000000000 -0.0000000000000000 0.0000000000000000 -0.0000000000000000 0.0000000000000000
1.7400000000000011 0.20321486286475739E-001 -0.10547497780136080E-018 0.98718145548019879E-018 -0.13908573800331911 -0.15565748299971750E-018 0.39807477971353145E-001 -0.13516482191446572E-001 -0.15958115685598139E-018 0.86496818854758537E-018 -0.14172123366152259 0.39807477971353145E-001 0.61924581545456039E-018 -0.13908573800331911 0.12747053081607751E-017 -0.10521635648623487E-016 0.96822542736544448
1.7400000000000011 0.0000000000000000 0.0000000000000000 0.0000000000000000 0.0000000000000000 0.0000000000000000 0.0000000000000000 0.0000000000000000 0.0000000000000000 0.0000000000000000 0.0000000000000000 0.0000000000000000 0.0000000000000000 0.0000000000000000 0.0000000000000000 0.0000000000000000 0.0000000000000000
1.8000000000000012 -0.19015045556268814E-001 -0.23427748302167702E-018 -0.42549847239090777E-018 0.13474931527579354 0.41221374593119550E-019 -0.37299174403896782E-001 0.12286717124322031E-001 0.31647418145223046E-018 -0.35344131865293724E-018 0.13714909920139065 -0.37299174403896788E-001 -0.95636182166248983E-018 0.13474931527579348 0.13181684489698183E-017 0.48699889899587862E-017 -0.97035064613573241
1.8000000000000012 0.0000000000000000 0.0000000000000000 0.0000000000000000 0.0000000000000000 0.0000000000000000 0.0000000000000000 0.0000000000000000 0.0000000000000000 0.0000000000000000 0.0000000000000000 0.0000000000000000 0.0000000000000000 0.0000000000000000 0.0000000000000000 0.0000000000000000 0.0000000000000000
1.8600000000000012 -0.17829218588546216E-001 0.14833133222886562E-017 -0.13748301439276933E-017 0.13066403683287267 0.39179324928657924E-018 -0.35016317252055625E-001 0.11199118903500418E-001 -0.15982684579396381E-017 -0.15581570365945534E-017 0.13285475276662201 -0.35016317252055638E-001 0.43237878070079488E-017 0.13066403683287267 -0.15392440053219075E-016 0.14083692669843426E-016 -0.97226943147303957
1.8600000000000012 0.0000000000000000 0.0000000000000000 0.0000000000000000 0.0000000000000000 0.0000000000000000 0.0000000000000000 0.0000000000000000 0.0000000000000000 0.0000000000000000 0.0000000000000000 0.0000000000000000 0.0000000000000000 0.0000000000000000 0.0000000000000000 0.0000000000000000 0.0000000000000000
1.9200000000000013 0.16749823000460684E-001 0.15499627643674478E-018 -0.50424820913876378E-019 -0.12680990353624350 0.44620487656462269E-019 0.32933298343194743E-001 -0.10234126459553594E-001 -0.35561555652564467E-018 -0.12550743327710680E-018 -0.12881463496663448 0.32933298343194736E-001 0.11062337518801947E-017 -0.12680990353624350 -0.14047200590977454E-017 0.58840743729010803E-018 0.97400759152801786
1.9200000000000013 0.0000000000000000 0.0000000000000000 0.0000000000000000 0.0000000000000000 0.0000000000000000 0.0000000000000000 0.0000000000000000 0.0000000000000000 0.0000000000000000 0.0000000000000000 0.0000000000000000 0.0000000000000000 0.0000000000000000 0.0000000000000000 0.0000000000000000 0.0000000000000000
1.9800000000000013 0.15764661562379441E-001 -0.57229164185467554E-018 0.55897162402529885E-018 -0.12316880797847476 -0.11073669363070265E-018 0.31027937894292142E-001 -0.93752480205242048E-002 0.24691556913050709E-018 0.55181528973070860E-018 -0.12500761565172575 0.31027937894292142E-001 -0.74618036406726827E-018 -0.12316880797847474 0.62564950198565942E-017 -0.57733541725422208E-017 0.97558705394333067
1.9800000000000013 0.0000000000000000 0.0000000000000000 0.0000000000000000 0.0000000000000000 0.0000000000000000 0.0000000000000000 0.0000000000000000 0.0000000000000000 0.0000000000000000 0.0000000000000000 0.0000000000000000 0.0000000000000000 0.0000000000000000 0.0000000000000000 0.0000000000000000 0.0000000000000000
2.0400000000000014 0.14863206014563833E-001 -0.80621530826320394E-018 0.69191614706702564E-018 -0.11972434899963447 -0.18555757213157042E-018 0.29280969590473847E-001 -0.86085290139140055E-002 0.79982232412587029E-018 0.84802164770683198E-018 -0.12141471999894926 0.29280969590473844E-001 -0.28977371113402034E-017 -0.11972434899963447 0.88280764345909278E-017 -0.74781055405492115E-017 0.97702653712971033
2.0400000000000014 -0.0000000000000000 0.0000000000000000 0.0000000000000000 0.0000000000000000 0.0000000000000000 -0.0000000000000000 0.0000000000000000 0.0000000000000000 0.0000000000000000 0.0000000000000000 -0.0000000000000000 0.0000000000000000 0.0000000000000000 0.0000000000000000 0.0000000000000000 -0.0000000000000000
2.1000000000000014 -0.14036336239565787E-001 0.52096051559562456E-018 -0.40317103412712627E-018 0.11646165986554506 0.92703711146317102E-019 -0.27675608759511524E-001 0.79221192115044147E-002 -0.31931068928767729E-018 -0.47883889056627119E-018 0.11801888356069275 -0.27675608759511527E-001 0.10695315930127651E-017 0.11646165986554506 -0.59920590037467702E-017 0.43573160956724372E-017 -0.97834209218328161
2.1000000000000014 0.0000000000000000 -0.0000000000000000 0.0000000000000000 -0.0000000000000000 -0.0000000000000000 0.0000000000000000 -0.0000000000000000 0.0000000000000000 0.0000000000000000 -0.0000000000000000 0.0000000000000000 -0.0000000000000000 -0.0000000000000000 0.0000000000000000 -0.0000000000000000 0.0000000000000000
2.1600000000000015 -0.13276124462707812E-001 0.16329061064775681E-018 -0.25763828674078566E-018 0.11336725133957341 0.38165304588603871E-019 -0.26197189942410781E-001 0.73059197183635970E-002 -0.31240130612432584E-019 -0.21905104229039324E-018 0.11480473484923039 -0.26197189942410781E-001 0.15277632903990750E-018 0.11336725133957341 -0.18301323468734439E-017 0.28300905754090367E-017 -0.97954754251040810
2.1600000000000015 0.0000000000000000 -0.0000000000000000 0.0000000000000000 -0.0000000000000000 -0.0000000000000000 0.0000000000000000 -0.0000000000000000 0.0000000000000000 0.0000000000000000 -0.0000000000000000 0.0000000000000000 -0.0000000000000000 -0.0000000000000000 0.0000000000000000 -0.0000000000000000 0.0000000000000000
2.2200000000000015 -0.12575656136940382E-001 0.50134035039785486E-018 -0.45575548831505434E-018 0.11042886971794467 0.12076775634915206E-018 -0.24832862271515908E-001 0.67512942553614010E-002 -0.58997856551524931E-018 -0.60385417688521433E-018 0.11175840329286048 -0.24832862271515908E-001 0.24540757236618744E-017 0.11042886971794467 -0.58523054534934977E-017 0.53287577529702870E-017 -0.98065484221538268
2.2200000000000015 0.0000000000000000 -0.0000000000000000 0.0000000000000000 -0.0000000000000000 -0.0000000000000000 0.0000000000000000 -0.0000000000000000 0.0000000000000000 0.0000000000000000 -0.0000000000000000 0.0000000000000000 -0.0000000000000000 -0.0000000000000000 0.0000000000000000 -0.0000000000000000 0.0000000000000000
2.2800000000000016 0.11928880779508532E-001 -0.32912273615756294E-018 0.43997849835572341E-018 -0.10763536922950051 -0.76493087729469545E-019 0.23571332953663902E-001 -0.62508322978944734E-002 0.18546250935074310E-018 0.44624160936541981E-018 -0.10886735010961379 0.23571332953663902E-001 -0.61969499724039777E-018 -0.10763536922950051 0.39058971672275311E-017 -0.52971681769444716E-017 0.98167436967982125
2.2800000000000016 0.0000000000000000 0.0000000000000000 0.0000000000000000 0.0000000000000000 0.0000000000000000 0.0000000000000000 0.0000000000000000 0.0000000000000000 0.0000000000000000 0.0000000000000000 0.0000000000000000 0.0000000000000000 0.0000000000000000 0.0000000000000000 0.0000000000000000 0.0000000000000000
2.3400000000000016 -0.11330487327250087E-001 -0.21924929270769391E-018 -0.40017365525112858E-019 0.10497659784338353 -0.10744169246945624E-019 -0.22402650786932592E-001 0.57981541305167934E-002 0.18814893873889772E-018 0.61725917567296894E-020 0.10612021961399055 -0.22402650786932592E-001 -0.65524694346443709E-018 0.10497659784338353 0.29565386990025861E-017 0.55498800161828326E-018 -0.98261516919930514
2.3400000000000016 0.0000000000000000 0.0000000000000000 0.0000000000000000 -0.0000000000000000 0.0000000000000000 0.0000000000000000 -0.0000000000000000 0.0000000000000000 -0.0000000000000000 -0.0000000000000000 0.0000000000000000 0.0000000000000000 -0.0000000000000000 0.0000000000000000 -0.0000000000000000 0.0000000000000000
2.4000000000000017 -0.10775799621155206E-001 0.52185961727613120E-018 -0.30764972058745681E-018 0.10244329536497791 0.86939828443033715E-019 -0.21318023021848539E-001 0.53877498693388516E-002 -0.54910627746474108E-018 -0.42243941800716356E-018 0.10350670858432312 -0.21318023021848539E-001 0.19792195236275200E-017 0.10244329536497790 -0.68884735645993494E-017 0.37385051304169458E-017 -0.98348515079299348
2.4000000000000017 0.0000000000000000 -0.0000000000000000 0.0000000000000000 0.0000000000000000 -0.0000000000000000 0.0000000000000000 0.0000000000000000 0.0000000000000000 0.0000000000000000 0.0000000000000000 0.0000000000000000 -0.0000000000000000 0.0000000000000000 0.0000000000000000 0.0000000000000000 0.0000000000000000
2.4600000000000017 -0.10260688467800034E-001 0.80023139448601246E-019 -0.24581955945274521E-018 0.10002700265587040 0.33827203208665092E-019 -0.20309660034536322E-001 0.50148460889611604E-002 -0.11863695480331552E-019 -0.25195320725100238E-018 0.10101745150225783 -0.20309660034536322E-001 0.43307756289294944E-019 0.10002700265587040 -0.88223686269480614E-018 0.30843935959457997E-017 -0.98429125617410007
2.4600000000000017 0.0000000000000000 -0.0000000000000000 0.0000000000000000 0.0000000000000000 -0.0000000000000000 0.0000000000000000 0.0000000000000000 0.0000000000000000 0.0000000000000000 0.0000000000000000 0.0000000000000000 -0.0000000000000000 0.0000000000000000 0.0000000000000000 -0.0000000000000000 0.0000000000000000
2.5200000000000018 0.97814973961314923E-002 -0.11555776169036535E-018 0.14161264341317610E-018 -0.97719980838999437E-001 -0.19256418314148455E-019 0.19370643239147219E-001 -0.46752949501505502E-002 0.20123416616788962E-019 0.13516999462032326E-018 -0.98643919689089532E-001 0.19370643239147233E-001 -0.60349748983702640E-019 -0.97719980838999451E-001 0.17060177075338373E-017 -0.16916030530551081E-017 0.98503959721670398
2.5200000000000018 -0.0000000000000000 0.0000000000000000 -0.0000000000000000 0.0000000000000000 -0.0000000000000000 -0.0000000000000000 0.0000000000000000 -0.0000000000000000 -0.0000000000000000 0.0000000000000000 -0.0000000000000000 0.0000000000000000 0.0000000000000000 -0.0000000000000000 0.0000000000000000 -0.0000000000000000
2.5800000000000018 -0.93349797661538333E-002 0.39889778250989308E-018 -0.22433039044667925E-018 0.95515139414604600E-001 0.55983001823847411E-019 -0.18494812459403622E-001 0.43654817253323099E-002 -0.34238247012779829E-018 -0.31622684034767748E-018 0.96378332581635862E-001 -0.18494812459403622E-001 0.15752450765810294E-017 0.95515139414604613E-001 -0.56404453655504267E-017 0.28163226580245664E-017 -0.98573557196656691
2.5800000000000018 0.0000000000000000 -0.0000000000000000 0.0000000000000000 -0.0000000000000000 -0.0000000000000000 0.0000000000000000 -0.0000000000000000 0.0000000000000000 0.0000000000000000 -0.0000000000000000 0.0000000000000000 -0.0000000000000000 -0.0000000000000000 0.0000000000000000 -0.0000000000000000 0.0000000000000000
2.6400000000000019 0.89182453182351205E-002 -0.36489173824352659E-018 0.17979195195540441E-018 -0.93405972296560974E-001 -0.44997815915091391E-019 0.17676669631447661E-001 -0.40822474150695584E-002 0.31704203613925702E-018 0.22875150968519559E-018 -0.94213579599325872E-001 0.17676669631447661E-001 -0.12200058249227797E-017 -0.93405972296560974E-001 0.53890020022370009E-017 -0.21206296580324658E-017 0.98638396223565861
2.6400000000000019 0.0000000000000000 0.0000000000000000 0.0000000000000000 0.0000000000000000 0.0000000000000000 0.0000000000000000 0.0000000000000000 0.0000000000000000 0.0000000000000000 0.0000000000000000 0.0000000000000000 0.0000000000000000 0.0000000000000000 0.0000000000000000 0.0000000000000000 0.0000000000000000
2.7000000000000020 0.85287145995310513E-002 -0.26079650779877065E-018 0.15476302133991456E-018 -0.91386500870132406E-001 -0.25786964374440186E-019 0.16911296246363391E-001 -0.38228237829061973E-002 0.11182231343305554E-018 0.15834619522335773E-018 -0.92143151247223651E-001 0.16911296246363391E-001 -0.45586504597009374E-018 -0.91386500870132406E-001 0.40141311310109187E-017 -0.19047464546859449E-017 0.98698901602793820
2.7000000000000020 0.0000000000000000 0.0000000000000000 0.0000000000000000 0.0000000000000000 0.0000000000000000 0.0000000000000000 0.0000000000000000 0.0000000000000000 0.0000000000000000 0.0000000000000000 0.0000000000000000 0.0000000000000000 0.0000000000000000 0.0000000000000000 0.0000000000000000 0.0000000000000000
2.7600000000000020 0.81640799845480120E-002 -0.16799679941365537E-018 0.57637967100615371E-019 -0.89451223263848148E-001 -0.84450560576135605E-020 0.16194282381255611E-001 -0.35847786421902179E-002 0.32096043075254558E-019 0.52417010402819775E-019 -0.90161078273890832E-001 0.16194282381255611E-001 -0.14383845890369513E-018 -0.89451223263848148E-001 0.26678468546825590E-017 -0.43791876589039354E-018 0.98755451741870737
2.7600000000000020 0.0000000000000000 0.0000000000000000 0.0000000000000000 0.0000000000000000 0.0000000000000000 0.0000000000000000 0.0000000000000000 0.0000000000000000 0.0000000000000000 0.0000000000000000 0.0000000000000000 0.0000000000000000 0.0000000000000000 0.0000000000000000 0.0000000000000000 0.0000000000000000
2.8200000000000021 -0.78222722337240383E-002 -0.75550772509915288E-019 0.60964420671260455E-020 0.87595069115897956E-001 -0.48383687705937803E-020 -0.15521665529810588E-001 0.33659696335373796E-002 0.57983268120952193E-019 0.19075539857341065E-019 0.88261877857696819E-001 -0.15521665529810590E-001 -0.23076339613431952E-018 0.87595069115897969E-001 0.12166160373594364E-017 -0.31300173999121056E-018 -0.98808384601413435
2.8200000000000021 0.0000000000000000 0.0000000000000000 -0.0000000000000000 -0.0000000000000000 0.0000000000000000 0.0000000000000000 -0.0000000000000000 -0.0000000000000000 -0.0000000000000000 -0.0000000000000000 0.0000000000000000 0.0000000000000000 -0.0000000000000000 -0.0000000000000000 0.0000000000000000 0.0000000000000000
2.8800000000000021 0.75014317178831759E-002 -0.15303268048535754E-018 0.32272028180384291E-019 -0.85813359196956485E-001 -0.45611756626269151E-020 0.14889877741103067E-001 -0.31645050565014851E-002 0.22269219922901705E-019 0.25466554908767543E-019 -0.86440505931170739E-001 0.14889877741103069E-001 -0.64681113047783066E-019 -0.85813359196956485E-001 0.25890566520865212E-017 -0.96745986833245205E-019 0.98858002772293030
2.8800000000000021 0.0000000000000000 0.0000000000000000 0.0000000000000000 0.0000000000000000 0.0000000000000000 0.0000000000000000 0.0000000000000000 0.0000000000000000 0.0000000000000000 0.0000000000000000 0.0000000000000000 0.0000000000000000 0.0000000000000000 0.0000000000000000 0.0000000000000000 0.0000000000000000
2.9400000000000022 -0.71998835860513097E-002 0.15946694990531622E-018 -0.10725096826090088E-018 0.84101769325653108E-001 0.17276322070248820E-019 -0.14295699820769206E-001 0.29787105803577127E-002 -0.82198668139023142E-019 -0.11972218541493909E-018 0.84692314871623764E-001 -0.14295699820769208E-001 0.41089257759499467E-018 0.84101769325653108E-001 -0.26516182208218160E-017 0.14646809636660890E-017 -0.98904577825658269
2.9400000000000022 0.0000000000000000 -0.0000000000000000 0.0000000000000000 -0.0000000000000000 -0.0000000000000000 0.0000000000000000 -0.0000000000000000 0.0000000000000000 0.0000000000000000 -0.0000000000000000 0.0000000000000000 -0.0000000000000000 -0.0000000000000000 0.0000000000000000 -0.0000000000000000 0.0000000000000000
3.0000000000000022 -0.69161162761899415E-002 0.57716196375664827E-019 -0.77009308321822924E-019 0.82456298079780513E-001 0.95077024369417554E-020 -0.13736221551132613E-001 0.28071008697167763E-002 -0.17684256692147272E-019 -0.78827334693878606E-019 0.83013015889275135E-001 -0.13736221551132613E-001 0.95299639371636972E-019 0.82456298079780513E-001 -0.95207879871141758E-018 0.10328309018167201E-017 -0.98948354052115561
3.0000000000000022 0.0000000000000000 -0.0000000000000000 0.0000000000000000 -0.0000000000000000 -0.0000000000000000 0.0000000000000000 -0.0000000000000000 0.0000000000000000 0.0000000000000000 -0.0000000000000000 0.0000000000000000 -0.0000000000000000 -0.0000000000000000 0.0000000000000000 -0.0000000000000000 0.0000000000000000
