0.0000000000000000 -1.0000000000000000 -1.0000000000000000 1.0000000000000000 1.0000000000000000
0.14999999999999999 -1.0000000000000000 -1.0000000000000000 1.0000000000000000 1.0000000000000000
0.29999999999999999 -1.0000000000000000 -1.0000000000000000 1.0000000000000000 1.0000000000000000
0.44999999999999996 -1.0000000000000000 -1.0000000000000000 1.0000000000000000 1.0000000000000000
0.59999999999999998 -1.0000000000000000 -1.0000000000000000 1.0000000000000000 1.0000000000000000
0.75000000000000000 -1.0000000000000000 -1.0000000000000000 1.0000000000000000 1.0000000000000000
0.90000000000000002 -1.0000000000000000 -1.0000000000000000 1.0000000000000000 1.0000000000000000
1.0500000000000000 -1.0000000000000000 -1.0000000000000000 1.0000000000000000 1.0000000000000000
1.2000000000000000 -1.0000000000000000 -1.0000000000000000 1.0000000000000000 1.0000000000000000
1.3499999999999999 -1.0000000000000000 -1.0000000000000000 1.0000000000000000 1.0000000000000000
1.4999999999999998 -1.0000000000000000 -1.0000000000000000 1.0000000000000000 1.0000000000000000
1.6499999999999997 -1.0000000000000000 -1.0000000000000000 1.0000000000000000 1.0000000000000000
1.7999999999999996 -1.0000000000000000 -1.0000000000000000 1.0000000000000000 1.0000000000000000
1.9499999999999995 -1.0000000000000000 -1.0000000000000000 1.0000000000000000 1.0000000000000000
2.0999999999999996 -1.0000000000000000 -1.0000000000000000 1.0000000000000000 1.0000000000000000
2.2499999999999996 -1.0000000000000000 -1.0000000000000000 1.0000000000000000 1.0000000000000000
2.3999999999999995 -1.0000000000000000 -1.0000000000000000 1.0000000000000000 1.0000000000000000
2.5499999999999994 -1.0000000000000000 -1.0000000000000000 1.0000000000000000 1.0000000000000000
2.6999999999999993 -1.0000000000000000 -1.0000000000000000 1.0000000000000000 1.0000000000000000
2.8499999999999992 -1.0000000000000000 -1.0000000000000000 1.0000000000000000 1.0000000000000000
2.9999999999999991 -1.0000000000000000 -1.0000000000000000 1.0000000000000000 1.0000000000000000
