0.0000000000000000 0.0000000000000000 -0.70710678118654746 0.70710678118654746 -0.0000000000000000
0.0000000000000000 0.0000000000000000 0.0000000000000000 0.0000000000000000 0.0000000000000000
0.59999999999999998E-001 0.66364703697883320 -0.0000000000000000 -0.0000000000000000 -0.74804586110025051
0.59999999999999998E-001 0.0000000000000000 0.0000000000000000 0.0000000000000000 0.0000000000000000
0.12000000000000000 0.61912318948843925 -0.0000000000000000 -0.0000000000000000 -0.78529387889990721
0.12000000000000000 0.0000000000000000 0.0000000000000000 0.0000000000000000 0.0000000000000000
0.17999999999999999 0.57501327451079698 -0.0000000000000000 -0.0000000000000000 -0.81814407908165587
0.17999999999999999 0.0000000000000000 0.0000000000000000 0.0000000000000000 0.0000000000000000
0.23999999999999999 0.53257343738456797 -0.0000000000000000 -0.0000000000000000 -0.84638379816273990
0.23999999999999999 0.0000000000000000 0.0000000000000000 0.0000000000000000 0.0000000000000000
0.29999999999999999 0.49269881498359297 -0.0000000000000000 -0.0000000000000000 -0.87019990675347891
0.29999999999999999 0.0000000000000000 0.0000000000000000 0.0000000000000000 0.0000000000000000
0.35999999999999999 0.45590310053503919 -0.0000000000000000 -0.0000000000000000 -0.89002941688605897
0.35999999999999999 0.0000000000000000 0.0000000000000000 0.0000000000000000 0.0000000000000000
0.41999999999999998 0.42237892559686663 -0.0000000000000000 -0.0000000000000000 -0.90641935284482800
0.41999999999999998 0.0000000000000000 0.0000000000000000 0.0000000000000000 0.0000000000000000
0.47999999999999998 0.39208938509623442 -0.0000000000000000 -0.0000000000000000 -0.91992712433912749
0.47999999999999998 0.0000000000000000 0.0000000000000000 0.0000000000000000 0.0000000000000000
0.54000000000000004 0.36485567419311887 -0.0000000000000000 -0.0000000000000000 -0.93106408856162248
0.54000000000000004 0.0000000000000000 0.0000000000000000 0.0000000000000000 0.0000000000000000
0.60000000000000009 0.34042526375301824 -0.0000000000000000 -0.0000000000000000 -0.94027157768311165
0.60000000000000009 0.0000000000000000 0.0000000000000000 0.0000000000000000 0.0000000000000000
0.66000000000000014 0.31851832902204358 -0.0000000000000000 -0.0000000000000000 -0.94791670207724754
0.66000000000000014 0.0000000000000000 0.0000000000000000 0.0000000000000000 0.0000000000000000
0.72000000000000020 0.29885618140395243 -0.0000000000000000 -0.0000000000000000 -0.95429816244015064
0.72000000000000020 0.0000000000000000 0.0000000000000000 0.0000000000000000 0.0000000000000000
0.78000000000000025 0.28117686696821820 -0.0000000000000000 -0.0000000000000000 -0.95965596412565324
0.78000000000000025 0.0000000000000000 0.0000000000000000 0.0000000000000000 0.0000000000000000
0.84000000000000030 0.26524245096731142 -0.0000000000000000 -0.0000000000000000 -0.96418174749621421
0.84000000000000030 0.0000000000000000 0.0000000000000000 0.0000000000000000 0.0000000000000000
0.90000000000000036 0.25084130827922080 -0.0000000000000000 -0.0000000000000000 -0.96802822172742919
0.90000000000000036 0.0000000000000000 0.0000000000000000 0.0000000000000000 0.0000000000000000
0.96000000000000041 0.23778763196707722 -0.0000000000000000 -0.0000000000000000 -0.97131716863416440
0.96000000000000041 0.0000000000000000 0.0000000000000000 0.0000000000000000 0.0000000000000000
1.0200000000000005 0.22591954018302626 -0.0000000000000000 -0.0000000000000000 -0.97414596512200879
1.0200000000000005 0.0000000000000000 0.0000000000000000 0.0000000000000000 0.0000000000000000
1.0800000000000005 0.21509659792772037 -0.0000000000000000 -0.0000000000000000 -0.97659277775330744
1.0800000000000005 0.0000000000000000 0.0000000000000000 0.0000000000000000 0.0000000000000000
1.1400000000000006 0.20519721148939951 -0.0000000000000000 -0.0000000000000000 -0.97872064676135995
1.1400000000000006 0.0000000000000000 0.0000000000000000 0.0000000000000000 0.0000000000000000
1.2000000000000006 0.19611613513818396 -0.0000000000000000 -0.0000000000000000 -0.98058067569092011
1.2000000000000006 0.0000000000000000 0.0000000000000000 0.0000000000000000 0.0000000000000000
1.2600000000000007 0.18776220177443370 -0.0000000000000000 -0.0000000000000000 -0.98221451607315224
1.2600000000000007 0.0000000000000000 0.0000000000000000 0.0000000000000000 0.0000000000000000
1.3200000000000007 0.18005631717623957 -0.0000000000000000 -0.0000000000000000 -0.98365630310842289
1.3200000000000007 0.0000000000000000 0.0000000000000000 0.0000000000000000 0.0000000000000000
1.3800000000000008 0.17292971887766509 -0.0000000000000000 -0.0000000000000000 -0.98493416649484322
1.3800000000000008 0.0000000000000000 0.0000000000000000 0.0000000000000000 0.0000000000000000
1.4400000000000008 0.16632248159105500 -0.0000000000000000 -0.0000000000000000 -0.98607141329489578
1.4400000000000008 0.0000000000000000 0.0000000000000000 0.0000000000000000 0.0000000000000000
1.5000000000000009 0.16018224300696715 -0.0000000000000000 -0.0000000000000000 -0.98708745763749672
1.5000000000000009 0.0000000000000000 0.0000000000000000 0.0000000000000000 0.0000000000000000
1.5600000000000009 0.15446312174419896 -0.0000000000000000 -0.0000000000000000 -0.98799855466545938
1.5600000000000009 0.0000000000000000 0.0000000000000000 0.0000000000000000 0.0000000000000000
1.6200000000000010 0.14912480025880592 -0.0000000000000000 -0.0000000000000000 -0.98881838269106392
1.6200000000000010 0.0000000000000000 0.0000000000000000 0.0000000000000000 0.0000000000000000
1.6800000000000010 0.14413174799245931 -0.0000000000000000 -0.0000000000000000 -0.98955850722463001
1.6800000000000010 0.0000000000000000 0.0000000000000000 0.0000000000000000 0.0000000000000000
1.7400000000000011 0.13945256302798253 -0.0000000000000000 -0.0000000000000000 -0.99022875269552069
1.7400000000000011 0.0000000000000000 0.0000000000000000 0.0000000000000000 0.0000000000000000
1.8000000000000012 0.13505941353726389 -0.0000000000000000 -0.0000000000000000 -0.99083750172012086
1.8000000000000012 0.0000000000000000 0.0000000000000000 0.0000000000000000 0.0000000000000000
1.8600000000000012 0.13092756311541356 -0.0000000000000000 -0.0000000000000000 -0.99139193723605579
1.8600000000000012 0.0000000000000000 0.0000000000000000 0.0000000000000000 0.0000000000000000
1.9200000000000013 0.12703496659489527 -0.0000000000000000 -0.0000000000000000 -0.99189823936845145
1.9200000000000013 0.0000000000000000 0.0000000000000000 0.0000000000000000 0.0000000000000000
1.9800000000000013 0.12336192509912325 -0.0000000000000000 -0.0000000000000000 -0.99236174625780404
1.9800000000000013 0.0000000000000000 0.0000000000000000 0.0000000000000000 0.0000000000000000
2.0400000000000014 0.11989079093954810 -0.0000000000000000 -0.0000000000000000 -0.99278708606019317
2.0400000000000014 0.0000000000000000 0.0000000000000000 0.0000000000000000 0.0000000000000000
2.1000000000000014 0.11660571451398317 -0.0000000000000000 -0.0000000000000000 -0.99317828577888456
2.1000000000000014 0.0000000000000000 0.0000000000000000 0.0000000000000000 0.0000000000000000
2.1600000000000015 0.11349242666341415 -0.0000000000000000 -0.0000000000000000 -0.99353886138894909
2.1600000000000015 0.0000000000000000 0.0000000000000000 0.0000000000000000 0.0000000000000000
2.2200000000000015 0.11053805102655699 -0.0000000000000000 -0.0000000000000000 -0.99387189278862798
2.2200000000000015 0.0000000000000000 0.0000000000000000 0.0000000000000000 0.0000000000000000
2.2800000000000016 0.10773094183003756 -0.0000000000000000 -0.0000000000000000 -0.99418008638898669
2.2800000000000016 0.0000000000000000 0.0000000000000000 0.0000000000000000 0.0000000000000000
2.3400000000000016 0.10506054329740384 -0.0000000000000000 -0.0000000000000000 -0.99446582758888935
2.3400000000000016 0.0000000000000000 0.0000000000000000 0.0000000000000000 0.0000000000000000
2.4000000000000017 0.10251726747820328 -0.0000000000000000 -0.0000000000000000 -0.99473122493907995
2.4000000000000017 0.0000000000000000 0.0000000000000000 0.0000000000000000 0.0000000000000000
2.4600000000000017 0.10009238781102769 -0.0000000000000000 -0.0000000000000000 -0.99497814744962465
2.4600000000000017 0.0000000000000000 0.0000000000000000 0.0000000000000000 0.0000000000000000
2.5200000000000018 0.97777946160103241E-001 -0.0000000000000000 -0.0000000000000000 -0.99520825621812026
2.5200000000000018 0.0000000000000000 0.0000000000000000 0.0000000000000000 0.0000000000000000
2.5800000000000018 0.95566671418927912E-001 -0.0000000000000000 -0.0000000000000000 -0.99542303133587706
2.5800000000000018 0.0000000000000000 0.0000000000000000 0.0000000000000000 0.0000000000000000
2.6400000000000019 0.93451908069203504E-001 -0.0000000000000000 -0.0000000000000000 -0.99562379485337005
2.6400000000000019 0.0000000000000000 0.0000000000000000 0.0000000000000000 0.0000000000000000
2.7000000000000020 0.91427553329233871E-001 -0.0000000000000000 -0.0000000000000000 -0.99581173044518301
2.7000000000000020 0.0000000000000000 0.0000000000000000 0.0000000000000000 0.0000000000000000
2.7600000000000020 0.89488001731562655E-001 -0.0000000000000000 -0.0000000000000000 -0.99598790030104878
2.7600000000000020 0.0000000000000000 0.0000000000000000 0.0000000000000000 0.0000000000000000
2.8200000000000021 0.87628096141883688E-001 -0.0000000000000000 -0.0000000000000000 -0.99615325967772084
2.8200000000000021 0.0000000000000000 0.0000000000000000 0.0000000000000000 0.0000000000000000
2.8800000000000021 0.85843084375906639E-001 -0.0000000000000000 -0.0000000000000000 -0.99630866947188168
2.8800000000000021 0.0000000000000000 0.0000000000000000 0.0000000000000000 0.0000000000000000
2.9400000000000022 0.84128580692595656E-001 -0.0000000000000000 -0.0000000000000000 -0.99645490711353779
2.9400000000000022 0.0000000000000000 0.0000000000000000 0.0000000000000000 0.0000000000000000
3.0000000000000022 0.82480531544893210E-001 -0.0000000000000000 -0.0000000000000000 -0.99659267602971668
3.0000000000000022 0.0000000000000000 0.0000000000000000 0.0000000000000000 0.0000000000000000
