0.0000000000000000 -0.50000000000000000 -0.57393350468909493E-016 -0.88210931415588942E-017 0.50000000000000022 0.95262315417049531E-016 -0.50000000000000000 0.50000000000000000 -0.10596560779626014E-015
0.0000000000000000 0.0000000000000000 0.0000000000000000 0.0000000000000000 0.0000000000000000 0.0000000000000000 0.0000000000000000 0.0000000000000000 0.0000000000000000
0.59999999999999998E-001 0.81607342116193700E-013 0.49149436395938106 -0.47608894024829673 -0.89106018971371003E-013 0.49149436395938106 0.91678610249193768E-013 -0.89182894302500630E-013 -0.53870762141033490
0.59999999999999998E-001 0.0000000000000000 0.0000000000000000 0.0000000000000000 0.0000000000000000 0.0000000000000000 0.0000000000000000 0.0000000000000000 0.0000000000000000
0.12000000000000000 0.91205781306081454E-014 0.48080581845495984 -0.44940961880494179 -0.10815077050342657E-013 0.48080581845495984 0.11425061397870140E-013 -0.10889363147236408E-013 -0.57938115641200216
0.12000000000000000 0.0000000000000000 0.0000000000000000 0.0000000000000000 0.0000000000000000 0.0000000000000000 0.0000000000000000 0.0000000000000000 0.0000000000000000
0.17999999999999999 0.24070422086343265E-014 0.46776846280706258 -0.42023634920507968 -0.30772101602927235E-014 0.46776846280706258 0.33356969297921209E-014 -0.31479211485236723E-014 -0.62111733288729043
0.17999999999999999 0.0000000000000000 0.0000000000000000 0.0000000000000000 0.0000000000000000 0.0000000000000000 0.0000000000000000 0.0000000000000000 0.0000000000000000
0.23999999999999999 0.90203867296386067E-015 0.45239419025175531 -0.38912776021604129 -0.12320744687640602E-014 0.45239419025175531 0.13713487643802087E-014 -0.12982977872949970E-014 -0.66276585570031044
0.23999999999999999 0.0000000000000000 0.0000000000000000 0.0000000000000000 0.0000000000000000 0.0000000000000000 0.0000000000000000 0.0000000000000000 0.0000000000000000
0.29999999999999999 0.19780539703916372E-015 0.43491781879279390 -0.35690138234665120 -0.27979064488598104E-015 0.43491781879279390 0.31622251740082804E-015 -0.32098146203322516E-015 -0.70307494982546914
0.29999999999999999 0.0000000000000000 0.0000000000000000 0.0000000000000000 0.0000000000000000 0.0000000000000000 0.0000000000000000 0.0000000000000000 0.0000000000000000
0.35999999999999999 -0.21040515537163731E-015 -0.41578938952834688 0.32453059066422263 0.31766104881032383E-015 -0.41578938952834688 -0.37485512076376382E-015 0.37297386633146406E-015 0.74089018270889506
0.35999999999999999 0.0000000000000000 0.0000000000000000 0.0000000000000000 0.0000000000000000 0.0000000000000000 0.0000000000000000 0.0000000000000000 0.0000000000000000
0.41999999999999998 -0.56673287197613534E-016 -0.39560679267929555 0.29299028370053165 0.83731342154931717E-016 -0.39560679267929555 -0.99106967065555146E-016 0.11691913986909558E-015 0.77533684604117903
0.41999999999999998 0.0000000000000000 0.0000000000000000 0.0000000000000000 0.0000000000000000 0.0000000000000000 0.0000000000000000 0.0000000000000000 0.0000000000000000
0.47999999999999998 -0.70403981624089507E-016 -0.37501224961692653 0.26310700359429201 0.11229245190726340E-015 -0.37501224961692653 -0.14190111067952490E-015 0.15599208448955295E-015 0.80591955549802652
0.47999999999999998 0.0000000000000000 0.0000000000000000 0.0000000000000000 0.0000000000000000 0.0000000000000000 0.0000000000000000 0.0000000000000000 0.0000000000000000
0.54000000000000004 -0.37287425607403132E-016 -0.35459248372889918 0.23546441355264003 0.63685762077833794E-016 -0.35459248372889918 -0.85744312398151082E-016 0.88889023732657144E-016 0.83251717755026045
0.54000000000000004 0.0000000000000000 0.0000000000000000 0.0000000000000000 0.0000000000000000 0.0000000000000000 0.0000000000000000 0.0000000000000000 0.0000000000000000
0.60000000000000009 -0.24087703160002733E-016 -0.33481347426712960 0.21038172810870498 0.41968182079329336E-016 -0.33481347426712960 -0.59131592797814561E-016 0.63606149419270593E-016 0.85530076778659758
0.60000000000000009 0.0000000000000000 0.0000000000000000 0.0000000000000000 0.0000000000000000 0.0000000000000000 0.0000000000000000 0.0000000000000000 0.0000000000000000
0.66000000000000014 -0.16083721096920576E-016 -0.31599794751189147 0.18794901692223182 0.28426188628661350E-016 -0.31599794751189147 -0.41979389576147814E-016 0.46887318046361623E-016 0.87462321108835861
0.66000000000000014 0.0000000000000000 0.0000000000000000 0.0000000000000000 0.0000000000000000 0.0000000000000000 0.0000000000000000 0.0000000000000000 0.0000000000000000
0.72000000000000020 -0.13902261378048211E-016 -0.29833551907367928 0.16808937589794931 0.22174737795848153E-016 -0.29833551907367928 -0.32880334454001072E-016 0.47193721562989246E-016 0.89091963601006974
0.72000000000000020 0.0000000000000000 0.0000000000000000 0.0000000000000000 0.0000000000000000 0.0000000000000000 0.0000000000000000 0.0000000000000000 0.0000000000000000
0.78000000000000025 0.10020319285684905E-016 0.28190947364331953 -0.15062264709260617 -0.15738092643515633E-016 0.28190947364331953 0.24339947080519770E-016 -0.37402213743647861E-016 -0.90463634435230900
0.78000000000000025 0.0000000000000000 0.0000000000000000 0.0000000000000000 0.0000000000000000 0.0000000000000000 0.0000000000000000 0.0000000000000000 0.0000000000000000
0.84000000000000030 0.82226983403459883E-017 -0.26672719237855180 0.13531711613998931 -0.15603438668680037E-016 -0.26672719237855180 0.27076236558123394E-016 -0.30626656465129274E-016 0.91618911135816627
0.84000000000000030 0.0000000000000000 0.0000000000000000 0.0000000000000000 0.0000000000000000 0.0000000000000000 0.0000000000000000 0.0000000000000000 0.0000000000000000
0.90000000000000036 0.92318862019553883E-017 -0.25274697167763316 0.12192555430116642 -0.13909585858225434E-016 -0.25274697167763316 0.23398929299861825E-016 -0.40982497393293444E-016 0.92594389453353221
0.90000000000000036 0.0000000000000000 0.0000000000000000 0.0000000000000000 0.0000000000000000 0.0000000000000000 0.0000000000000000 0.0000000000000000 0.0000000000000000
0.96000000000000041 -0.42664496273608216E-017 -0.23989864044351261 0.11020739577377661 0.62726429835178652E-017 -0.23989864044351261 -0.10998561144534332E-016 0.20493292011957421E-016 0.93421176108175319
0.96000000000000041 0.0000000000000000 0.0000000000000000 0.0000000000000000 0.0000000000000000 0.0000000000000000 0.0000000000000000 0.0000000000000000 0.0000000000000000
1.0200000000000005 0.0000000000000000 -0.22809803471801979 0.99940653367226920E-001 0.0000000000000000 -0.22809803471801979 0.0000000000000000 -0.11095641446437701E-016 0.94125152797755685
1.0200000000000005 0.0000000000000000 0.0000000000000000 0.0000000000000000 0.0000000000000000 0.0000000000000000 0.0000000000000000 0.0000000000000000 0.0000000000000000
1.0800000000000005 0.0000000000000000 -0.21725646766920959 0.90927066927003974E-001 0.0000000000000000 -0.21725646766920959 0.0000000000000000 -0.10094932326399239E-016 0.94727584314804925
1.0800000000000005 0.0000000000000000 0.0000000000000000 0.0000000000000000 0.0000000000000000 0.0000000000000000 0.0000000000000000 0.0000000000000000 0.0000000000000000
1.1400000000000006 0.0000000000000000 -0.20728652990092072 0.82993183518128955E-001 0.0000000000000000 -0.20728652990092072 0.0000000000000000 -0.92140943228767818E-017 0.95245825133325168
1.1400000000000006 0.0000000000000000 0.0000000000000000 0.0000000000000000 0.0000000000000000 0.0000000000000000 0.0000000000000000 0.0000000000000000 0.0000000000000000
1.2000000000000006 0.0000000000000000 -0.19810537595179817 0.75989214942545527E-001 0.0000000000000000 -0.19810537595179817 0.0000000000000000 -0.84364976052404036E-017 0.95693999772734384
1.2000000000000006 0.0000000000000000 0.0000000000000000 0.0000000000000000 0.0000000000000000 0.0000000000000000 0.0000000000000000 0.0000000000000000 0.0000000000000000
1.2600000000000007 0.0000000000000000 -0.18963637367555952 0.69786835140984355E-001 0.0000000000000000 -0.18963637367555952 0.0000000000000000 -0.77478951189240813E-017 0.96083603658448036
1.2600000000000007 0.0000000000000000 0.0000000000000000 0.0000000000000000 0.0000000000000000 0.0000000000000000 0.0000000000000000 0.0000000000000000 0.0000000000000000
1.3200000000000007 0.0000000000000000 -0.18180973343320117 0.64276601983852627E-001 0.0000000000000000 -0.18180973343320117 0.0000000000000000 -0.71361363467140201E-017 0.96424009463167693
1.3200000000000007 0.0000000000000000 0.0000000000000000 0.0000000000000000 0.0000000000000000 0.0000000000000000 0.0000000000000000 0.0000000000000000 0.0000000000000000
1.3800000000000008 0.0000000000000000 -0.17456253056048079 0.59365379204976677E-001 0.0000000000000000 -0.17456253056048079 0.0000000000000000 -0.65908810858968578E-017 0.96722882380566588
1.3800000000000008 0.0000000000000000 0.0000000000000000 0.0000000000000000 0.0000000000000000 0.0000000000000000 0.0000000000000000 0.0000000000000000 0.0000000000000000
1.4400000000000008 0.22911806583644554E-017 -0.16783838845568222 0.54973945966517654E-001 -0.15155722814547552E-017 -0.16783838845568222 0.25982171537662675E-017 -0.19073221463543640E-016 0.96986515350643954
1.4400000000000008 0.0000000000000000 0.0000000000000000 0.0000000000000000 0.0000000000000000 0.0000000000000000 0.0000000000000000 0.0000000000000000 0.0000000000000000
1.5000000000000009 -0.68199689462105765E-018 -0.16158698998629603 0.51034872288711008E-001 0.77779230327043932E-018 -0.16158698998629603 -0.19099296786050400E-017 0.55868856012990279E-017 0.97220097261050520
1.5000000000000009 0.0000000000000000 0.0000000000000000 0.0000000000000000 0.0000000000000000 0.0000000000000000 0.0000000000000000 0.0000000000000000 0.0000000000000000
1.5600000000000009 -0.58099915452247831E-018 -0.15576351924767390 0.47490678439309167E-001 0.64422680036310940E-018 -0.15576351924767390 -0.16349808041275407E-017 0.49797005070416847E-017 0.97427926571621759
1.5600000000000009 0.0000000000000000 0.0000000000000000 0.0000000000000000 0.0000000000000000 0.0000000000000000 0.0000000000000000 0.0000000000000000 0.0000000000000000
1.6200000000000010 0.15490154542625195E-017 -0.15032809351090043 0.44292265553638500E-001 -0.88928216870487845E-018 -0.15032809351090043 0.16061634715582093E-017 -0.14644254894264594E-016 0.97613581217722056
1.6200000000000010 0.0000000000000000 0.0000000000000000 0.0000000000000000 0.0000000000000000 0.0000000000000000 0.0000000000000000 0.0000000000000000 0.0000000000000000
1.6800000000000010 -0.42938665472563663E-018 -0.14524521864825898 0.41397590794515458E-001 0.45057289761570970E-018 -0.14524521864825898 -0.12183969906382663E-017 0.40052091641954035E-017 0.97780053814469181
1.6800000000000010 0.0000000000000000 0.0000000000000000 0.0000000000000000 0.0000000000000000 0.0000000000000000 0.0000000000000000 0.0000000000000000 0.0000000000000000
1.7400000000000011 0.34713878741536719E-017 -0.14048328496178136 0.38770555710209383E-001 -0.35458161419530816E-017 -0.14048328496178136 0.98853679628295136E-017 -0.33691435016118085E-016 0.97929859455766444
1.7400000000000011 0.0000000000000000 0.0000000000000000 0.0000000000000000 0.0000000000000000 0.0000000000000000 0.0000000000000000 0.0000000000000000 0.0000000000000000
1.8000000000000012 0.14190212927526042E-017 -0.13601411049284556 0.36380076661018279E-001 -0.87421816803803362E-018 -0.13601411049284556 0.19706682853028817E-017 -0.14844841894067540E-016 0.98065121909668662
1.8000000000000012 0.0000000000000000 0.0000000000000000 0.0000000000000000 0.0000000000000000 0.0000000000000000 0.0000000000000000 0.0000000000000000 0.0000000000000000
1.8600000000000012 0.0000000000000000 -0.13181253315016928 0.34199308714644876E-001 0.0000000000000000 -0.13181253315016928 0.0000000000000000 0.26925509209544254E-017 0.98187642781182594
1.8600000000000012 0.0000000000000000 0.0000000000000000 0.0000000000000000 0.0000000000000000 0.0000000000000000 0.0000000000000000 0.0000000000000000 0.0000000000000000
1.9200000000000013 0.24434500116602330E-017 -0.12785604980528428 0.32204997846112034E-001 -0.23081535187331536E-017 -0.12785604980528428 0.70202959638505075E-017 -0.26476022722390374E-016 0.98298957225909012
1.9200000000000013 0.0000000000000000 0.0000000000000000 0.0000000000000000 0.0000000000000000 0.0000000000000000 0.0000000000000000 0.0000000000000000 0.0000000000000000
1.9800000000000013 0.10217581770656040E-017 -0.12412449887744365 0.30376939871202425E-001 -0.56106464515516268E-018 -0.12412449887744365 0.13416057845616575E-017 -0.11835196346347316E-016 0.98400379017608863
1.9800000000000013 0.0000000000000000 0.0000000000000000 0.0000000000000000 0.0000000000000000 0.0000000000000000 0.0000000000000000 0.0000000000000000 0.0000000000000000
2.0400000000000014 0.34121098754299971E-017 -0.12059978223810203 0.28697527924047065E-001 -0.34071136466427851E-017 -0.12059978223810203 0.11323281745389738E-016 -0.39192702697431925E-016 0.98493037161988906
2.0400000000000014 0.0000000000000000 0.0000000000000000 0.0000000000000000 0.0000000000000000 0.0000000000000000 0.0000000000000000 0.0000000000000000 0.0000000000000000
2.1000000000000014 0.83537594816814880E-018 -0.11726562211747332 0.27151373301216992E-001 -0.42665445643226119E-018 -0.11726562211747332 0.10580800992581602E-017 -0.10297830636930267E-016 0.98577905773386265
2.1000000000000014 0.0000000000000000 0.0000000000000000 0.0000000000000000 0.0000000000000000 0.0000000000000000 0.0000000000000000 0.0000000000000000 0.0000000000000000
2.1600000000000015 0.16723482261622207E-017 -0.11410734885021678 0.25724987091432890E-001 -0.88091202385478610E-018 -0.11410734885021678 0.23369678892220328E-017 -0.21179575418870395E-016 0.98655828561514536
2.1600000000000015 0.0000000000000000 0.0000000000000000 0.0000000000000000 0.0000000000000000 0.0000000000000000 0.0000000000000000 0.0000000000000000 0.0000000000000000
2.2200000000000015 0.69131652269047197E-018 -0.11111171560650770 0.24406512204143905E-001 -0.32944202201704586E-018 -0.11111171560650770 0.84555936352249161E-018 -0.90345008253640808E-017 0.98727538988469987
2.2200000000000015 0.0000000000000000 0.0000000000000000 0.0000000000000000 0.0000000000000000 0.0000000000000000 0.0000000000000000 0.0000000000000000 0.0000000000000000
2.2800000000000016 0.13871840237855893E-017 -0.10826673663026207 0.23185497240235664E-001 -0.68360416603647801E-018 -0.10826673663026207 0.18798815991483593E-017 -0.18597112752367498E-016 0.98793676933121011
2.2800000000000016 0.0000000000000000 0.0000000000000000 0.0000000000000000 0.0000000000000000 0.0000000000000000 0.0000000000000000 0.0000000000000000 0.0000000000000000
2.3400000000000016 0.57829109195960959E-018 -0.10556154589678149 0.22052705161688696E-001 -0.25789997814252471E-018 -0.10556154589678149 0.68376021450397639E-018 -0.79848119321632111E-017 0.98854802526271557
2.3400000000000016 0.0000000000000000 0.0000000000000000 0.0000000000000000 0.0000000000000000 0.0000000000000000 0.0000000000000000 0.0000000000000000 0.0000000000000000
2.4000000000000017 0.20094117348925089E-017 -0.10298627347898236 0.20999950962230455E-001 -0.17574235083440550E-017 -0.10298627347898236 0.67921859666163208E-017 -0.27596544219054298E-016 0.98911407684321662
2.4000000000000017 0.0000000000000000 0.0000000000000000 0.0000000000000000 0.0000000000000000 0.0000000000000000 0.0000000000000000 0.0000000000000000 0.0000000000000000
2.4600000000000017 0.48842317989106456E-018 -0.10053193726008075 0.20019963562241741E-001 -0.20441714619506467E-018 -0.10053193726008075 0.55884037685832643E-018 -0.71039413670553811E-017 0.98963925762897886
2.4600000000000017 0.0000000000000000 0.0000000000000000 0.0000000000000000 0.0000000000000000 0.0000000000000000 0.0000000000000000 0.0000000000000000 0.0000000000000000
2.5200000000000018 0.10664613529559471E-017 -0.98190347944797501E-001 0.19106267987322335E-001 -0.48972011658421123E-018 -0.98190347944797501E-001 0.14988585428923631E-017 -0.15846696222533436E-016 0.99012739668416183
2.5200000000000018 0.0000000000000000 0.0000000000000000 0.0000000000000000 0.0000000000000000 0.0000000000000000 0.0000000000000000 0.0000000000000000 0.0000000000000000
2.5800000000000018 0.49146894791814026E-018 -0.95954025599388662E-001 0.18253084574161801E-001 -0.21914897640718698E-018 -0.95954025599388662E-001 0.68179608166518204E-018 -0.74840039176438867E-017 0.99058188699676519
2.5800000000000018 0.0000000000000000 0.0000000000000000 0.0000000000000000 0.0000000000000000 0.0000000000000000 0.0000000000000000 0.0000000000000000 0.0000000000000000
2.6400000000000019 0.90779528401560087E-018 -0.93816126194339308E-001 0.17455242507454644E-001 -0.39328920515665421E-018 -0.93816126194339308E-001 0.12432352022897396E-017 -0.14158065678602469E-016 0.99100574339444714
2.6400000000000019 0.0000000000000000 0.0000000000000000 0.0000000000000000 0.0000000000000000 0.0000000000000000 0.0000000000000000 0.0000000000000000 0.0000000000000000
2.7000000000000020 0.42000935203138888E-018 -0.91770376835010742E-001 0.16708105450474457E-001 -0.17688735548321297E-018 -0.91770376835010742E-001 0.56792998150712936E-018 -0.67050215658081492E-017 0.99140165174533368
2.7000000000000020 0.0000000000000000 0.0000000000000000 0.0000000000000000 0.0000000000000000 0.0000000000000000 0.0000000000000000 0.0000000000000000 0.0000000000000000
2.7600000000000020 0.13398632165647843E-017 -0.89811018548115795E-001 0.16007507408372274E-001 -0.10344959572590035E-017 -0.89811018548115795E-001 0.45579143336523702E-017 -0.21396304519440925E-016 0.99177201089830669
2.7600000000000020 0.0000000000000000 0.0000000000000000 0.0000000000000000 0.0000000000000000 0.0000000000000000 0.0000000000000000 0.0000000000000000 0.0000000000000000
2.8200000000000021 0.36159787149792813E-018 -0.87932755648995192E-001 0.15349697272606827E-001 -0.14413261568795163E-018 -0.87932755648995192E-001 0.47685939205885932E-018 -0.60382011210030964E-017 0.99211896855245529
2.8200000000000021 0.0000000000000000 0.0000000000000000 0.0000000000000000 0.0000000000000000 0.0000000000000000 0.0000000000000000 0.0000000000000000 0.0000000000000000
2.8800000000000021 0.72109488692539795E-018 -0.86130710849492698E-001 0.14731290749611018E-001 -0.29318771320316228E-018 -0.86130710849492698E-001 0.10185557709539852E-017 -0.12292494434554551E-016 0.99244445203244114
2.8800000000000021 0.0000000000000000 0.0000000000000000 0.0000000000000000 0.0000000000000000 0.0000000000000000 0.0000000000000000 0.0000000000000000 0.0000000000000000
2.9400000000000022 0.0000000000000000 -0.84400385381794840E-001 0.14149228586929290E-001 0.0000000000000000 -0.84400385381794840E-001 0.0000000000000000 0.0000000000000000 0.99275019477469928
2.9400000000000022 0.0000000000000000 0.0000000000000000 0.0000000000000000 0.0000000000000000 0.0000000000000000 0.0000000000000000 0.0000000000000000 0.0000000000000000
3.0000000000000022 0.62595026994960387E-018 -0.82737623512584665E-001 0.13600740183824242E-001 -0.24170669978321761E-018 -0.82737623512584665E-001 0.86456682203409175E-018 -0.11129703634692423E-016 0.99303775919016857
3.0000000000000022 0.0000000000000000 0.0000000000000000 0.0000000000000000 0.0000000000000000 0.0000000000000000 0.0000000000000000 0.0000000000000000 0.0000000000000000
