           6  0.59999999999999998       0.87750979532966578       0.40829007352891755       0.38345239693674465     
           6   1.0000000000000000       0.82190505563724692       0.44119905801731502       0.46250467472532847     
           6   2.0000000000000000       0.66992871137619903       0.45006504536771846       0.65671940891679315     
           6   2.7000000000000002       0.57967796082567769       0.43255325346864820       0.76152038455364801     
           6   3.6000000000000001       0.48438883156225337       0.41417836947296044       0.85735936991126416     
           6   5.0000000000000000       0.39054796045278489       0.39827537806354374       0.94674784387236266     
           6   8.0000000000000000       0.27633660704794644       0.38245724264936437        1.0426167485387710     
           8  0.59999999999999998       0.91476939137221280       0.48262125651393512       0.27229319405034191     
           8   1.0000000000000000       0.85836853599468499       0.50434139378623721       0.35164160787542970     
           8   2.0000000000000000       0.66949265574877759       0.47422733033405495       0.57474864313673935     
           8   2.7000000000000002       0.56240018927862367       0.44386416036483467       0.69577279215696008     
           8   3.6000000000000001       0.46096836734639862       0.42432880686410690       0.79971984351802250     
           8   5.0000000000000000       0.34293560858600802       0.40600741216371206       0.90377391096408333     
           8   8.0000000000000000       0.23497456944986481       0.39072442820455222       0.99095933423072324     
          10  0.59999999999999998       0.94053789520740405       0.52034581687215187       0.18968072297660993     
          10   1.0000000000000000       0.89175489179871126       0.52209745998622425       0.26690160396511331     
          10   2.0000000000000000       0.69067320416725186       0.47790039818339985       0.49742409557247791     
          10   2.7000000000000002       0.53860710306941872       0.44286842464644771       0.64326117294821272     
          10   3.6000000000000001       0.44337540535883824       0.41626810354079569       0.76908118373572176     
          10   5.0000000000000000       0.33534323482114514       0.40218817063581125       0.86036655369311243     
          10   8.0000000000000000       0.20851776129782398       0.39652907178262603       0.96397577903460174     
