1.166666670000003452e-02 5.760426715953958577e-04
2.333333340000006903e-02 2.880213357976979180e-03
3.500000010000010181e-02 7.488554730740145174e-03
4.666666680000013806e-02 1.267293877509870735e-02
5.833333350000017431e-02 2.160160018482733951e-02
7.000000020000020362e-02 2.793806957237669752e-02
8.166666690000023987e-02 3.542662430311684096e-02
9.333333360000027612e-02 4.637143506342935456e-02
1.050000003000003124e-01 5.357196845837181032e-02
1.166666670000003486e-01 7.142929127782907117e-02
1.283333337000003849e-01 8.237410203814160559e-02
1.400000004000004072e-01 9.331891279845411225e-02
1.516666671000004574e-01 1.028236168797781597e-01
1.633333338000004797e-01 1.224090677140216021e-01
1.750000005000005299e-01 1.408424332050742522e-01
1.866666672000005522e-01 1.572596493455430677e-01
1.983333339000005746e-01 1.851977189179197791e-01
2.100000006000006247e-01 1.995987857078046490e-01
2.216666673000006471e-01 2.151519378408803529e-01
2.333333340000006972e-01 2.453941780996385935e-01
2.450000007000007196e-01 2.618113942401074090e-01
2.566666674000007697e-01 2.825489304175416438e-01
2.683333341000008199e-01 3.001182319012012378e-01
2.800000008000008145e-01 3.254641094513986421e-01
2.916666675000008646e-01 3.312245361673525901e-01
3.033333342000009147e-01 3.706834591716371974e-01
3.150000009000009094e-01 3.905569313416782928e-01
3.266666676000009595e-01 4.308799183533560395e-01
3.383333343000010096e-01 4.441288998000501587e-01
3.500000010000010597e-01 4.496013051802064120e-01
3.616666677000010544e-01 4.879081428413002408e-01
3.733333344000011045e-01 5.121019350483068111e-01
3.850000011000011546e-01 5.625056688129039806e-01
3.966666678000011492e-01 5.469525166798282489e-01
4.083333345000011994e-01 5.613535834697132021e-01
4.200000012000012495e-01 5.884275890346968296e-01
4.316666679000012996e-01 6.186698292934551535e-01
4.433333346000012942e-01 6.440157068436525023e-01
4.550000013000013444e-01 6.722417977518270193e-01
4.666666680000013945e-01 6.687855417222545729e-01
4.783333347000013891e-01 7.030600806821805104e-01
4.900000014000014392e-01 7.004678886600014254e-01
5.016666681000014893e-01 7.773695853179865001e-01
5.133333348000015395e-01 7.523117291035869014e-01
5.250000015000015896e-01 7.793857346685704179e-01
5.366666682000016397e-01 8.067477615693517956e-01
5.483333349000015788e-01 8.234529990456181947e-01
5.600000016000016290e-01 8.153884016432828563e-01
5.716666683000016791e-01 8.444785565588501797e-01
5.833333350000017292e-01 8.577275380055443543e-01
5.950000017000017793e-01 8.614718153709145509e-01
6.066666684000018295e-01 8.513910686179950726e-01
6.183333351000018796e-01 8.822093515483487858e-01
6.300000018000018187e-01 9.095713784491299414e-01
6.416666685000018688e-01 9.055390797479622167e-01
6.533333352000019190e-01 9.429818534016630727e-01
6.650000019000019691e-01 9.006427170394013526e-01
6.766666686000020192e-01 9.689037736234556997e-01
6.883333353000020693e-01 9.326130853129457332e-01
7.000000020000021195e-01 9.268526585969918408e-01
7.116666687000020586e-01 9.954017365168438269e-01
7.233333354000021087e-01 9.637193895790973075e-01
7.350000021000021588e-01 9.697678376308488390e-01
7.466666688000022090e-01 9.579589628631431930e-01
7.583333355000022591e-01 9.712079443098372566e-01
7.700000022000023092e-01 9.484542587818191040e-01
7.816666689000023593e-01 9.665996029370742537e-01
7.933333356000022984e-01 9.735121149962189246e-01
8.050000023000023486e-01 9.697678376308488390e-01
8.166666690000023987e-01 9.761043070183982318e-01
8.283333357000024488e-01 9.245484879106101728e-01
8.400000024000024990e-01 9.651594962580856141e-01
8.516666691000025491e-01 9.481662374460214648e-01
8.633333358000025992e-01 9.415417467226744330e-01
8.750000025000025383e-01 9.254125519180034232e-01
8.866666692000025884e-01 9.216682745526332265e-01
8.983333359000026386e-01 9.530626001545822179e-01
9.100000026000026887e-01 9.003546957036037135e-01
9.216666693000027388e-01 9.153318051650839449e-01
9.333333360000027890e-01 8.663681780794753040e-01
9.450000027000028391e-01 8.813452875409554244e-01
9.566666694000027782e-01 8.787530955187762283e-01
9.683333361000028283e-01 8.799051808619671178e-01
9.800000028000028784e-01 8.557113886549605475e-01
9.916666695000029286e-01 8.413103218650755943e-01
1.003333336200002979e+00 8.439025138872549014e-01
1.015000002900003029e+00 8.165404869864735238e-01
1.026666669600003079e+00 7.782336493253796394e-01
1.038333336300003129e+00 7.940748227942531212e-01
1.050000003000003179e+00 7.537518357825753190e-01
1.061666669700003229e+00 7.520237077677891513e-01
1.073333336400003279e+00 7.373346196421066701e-01
1.085000003100003108e+00 7.471273450592283982e-01
1.096666669800003158e+00 7.235095955238171062e-01
1.108333336500003208e+00 7.056522727043597065e-01
1.120000003200003258e+00 6.952835046156427001e-01
1.131666669900003308e+00 6.869308858775095006e-01
1.143333336600003358e+00 6.754100324456016047e-01
1.155000003300003408e+00 6.705136697370406296e-01
1.166666670000003458e+00 6.287505760463744098e-01
1.178333336700003509e+00 6.034046984961771720e-01
1.190000003400003559e+00 6.278865120389814924e-01
1.201666670100003609e+00 5.757546502595981552e-01
1.213333336800003659e+00 5.722983942300257088e-01
1.225000003500003709e+00 5.504087727094006954e-01
1.236666670200003759e+00 5.434962606502559135e-01
1.248333336900003587e+00 5.400400046206835780e-01
1.260000003600003637e+00 5.313993645467526283e-01
1.271666670300003688e+00 5.218946604654286503e-01
1.283333337000003738e+00 5.132540203914977006e-01
1.295000003700003788e+00 4.824357374611439320e-01
1.306666670400003838e+00 5.014451456237920546e-01
1.318333337100003888e+00 4.657304999848774774e-01
1.330000003800003938e+00 4.461450491506340210e-01
1.341666670500003988e+00 4.602580946047213351e-01
1.353333337200004038e+00 4.231033422868181737e-01
1.365000003900004089e+00 4.207991716004366722e-01
1.376666670600004139e+00 4.115824888549103333e-01
1.388333337300004189e+00 3.905569313416782928e-01
1.400000004000004239e+00 3.876767179837012911e-01
1.411666670700004067e+00 3.775959712307819793e-01
1.423333337400004117e+00 3.591626057397293015e-01
1.435000004100004167e+00 3.444735176140467092e-01
1.446666670800004217e+00 3.571464563891454391e-01
1.458333337500004268e+00 3.274802588019825045e-01
1.470000004200004318e+00 3.194156613996469440e-01
1.481666670900004368e+00 3.199917040712423333e-01
1.493333337600004418e+00 3.006942745727966271e-01
1.505000004300004468e+00 2.949338478568426791e-01
1.516666671000004518e+00 2.808208024027554761e-01
1.528333337700004568e+00 2.724681836646222211e-01
1.540000004400004618e+00 2.701640129782406086e-01
1.551666671100004669e+00 2.514426261513902916e-01
1.563333337800004719e+00 2.574910742031419342e-01
1.575000004500004769e+00 2.445301140922455374e-01
1.586666671200004597e+00 2.453941780996385935e-01
1.598333337900004647e+00 2.200483005494412170e-01
1.610000004600004697e+00 2.186081938704526884e-01
1.621666671300004747e+00 2.047831697521632077e-01
1.633333338000004797e+00 2.105435964681171557e-01
1.645000004700004848e+00 1.995987857078046490e-01
1.656666671400004898e+00 2.039191057447700961e-01
1.668333338100004948e+00 1.826055268957404443e-01
1.680000004800004998e+00 1.849096975821220568e-01
1.691666671500005048e+00 1.970065936856253697e-01
1.703333338200005098e+00 1.733888441502141331e-01
1.715000004900005148e+00 1.641721614046877942e-01
1.726666671600005198e+00 1.610039267109131256e-01
1.738333338300005249e+00 1.633080973972946826e-01
1.750000005000005077e+00 1.566836066739476507e-01
1.761666671700005127e+00 1.555315213307568722e-01
1.773333338400005177e+00 1.428585825556581423e-01
1.785000005100005227e+00 1.319137717953456357e-01
1.796666671800005277e+00 1.307616864521548572e-01
1.808333338500005327e+00 1.278814730941778832e-01
1.820000005200005377e+00 1.304736651163571626e-01
1.831666671900005428e+00 1.301856437805594402e-01
1.843333338600005478e+00 1.198168756918423228e-01
1.855000005300005528e+00 1.267293877509870770e-01
1.866666672000005578e+00 1.154965556548768479e-01
1.878333338700005628e+00 1.160725983264722372e-01
1.890000005400005678e+00 9.879131817861037945e-02
1.901666672100005728e+00 1.074319582525413291e-01
1.913333338800005556e+00 1.010954888649919642e-01
1.925000005500005607e+00 9.907933951440808795e-02
1.936666672200005657e+00 9.562308348483569698e-02
1.948333338900005707e+00 8.611837940351167731e-02
1.960000005600005757e+00 9.245484879106102838e-02
1.971666672300005807e+00 9.303089146265641762e-02
1.983333339000005857e+00 7.862982467277153387e-02
1.995000005700005907e+00 7.430950463580605903e-02
2.006666672400005957e+00 7.315741929261526666e-02
2.018333339100006008e+00 8.496629406032087106e-02
2.030000005800006058e+00 7.171731261362677967e-02
2.041666672500006108e+00 7.344544062841296128e-02
2.053333339200006158e+00 7.862982467277153387e-02
2.065000005900006208e+00 6.509282189027972010e-02
2.076666672600006258e+00 6.250062986810044074e-02
2.088333339300006308e+00 7.344544062841296128e-02
2.100000006000006358e+00 6.624490723347052634e-02
2.111666672700006409e+00 6.221260853230273918e-02
2.123333339400006459e+00 5.875635250273037596e-02
2.135000006100006509e+00 5.616416048055109661e-02
2.146666672800006559e+00 6.192458719650505150e-02
2.158333339500006165e+00 5.385998979416950494e-02
2.170000006200006215e+00 6.307667253969584387e-02
2.181666672900006265e+00 5.645218181634878429e-02
2.193333339600006315e+00 5.587613914475339505e-02
2.205000006300006365e+00 5.299592578677640720e-02
2.216666673000006416e+00 4.608341372763166688e-02
2.228333339700006466e+00 5.587613914475339505e-02
2.240000006400006516e+00 4.867560574981094623e-02
2.251666673100006566e+00 4.550737105603626376e-02
2.263333339800006616e+00 5.069175510039482940e-02
2.275000006500006666e+00 4.349122170545238059e-02
2.286666673200006716e+00 4.521934972023856913e-02
2.298333339900006766e+00 4.464330704864317989e-02
2.310000006600006817e+00 4.320320036965467903e-02
2.321666673300006867e+00 4.233913636226159516e-02
2.333333340000006917e+00 3.715475231790302951e-02
2.345000006700006967e+00 3.686673098210533489e-02
2.356666673400007017e+00 3.773079498949842570e-02
2.368333340100007067e+00 3.081828293035367844e-02
2.380000006800007117e+00 3.485058163152144478e-02
2.391666673500007168e+00 3.801881632529612032e-02
2.403333340200007218e+00 3.081828293035367844e-02
2.415000006900007268e+00 3.600266697471223715e-02
2.426666673600007318e+00 3.513860296731914634e-02
2.438333340300007368e+00 2.937817625136518798e-02
2.450000007000007418e+00 3.600266697471223715e-02
2.461666673700007468e+00 3.312245361673526317e-02
2.473333340400007518e+00 3.312245361673526317e-02
2.485000007100007569e+00 2.246566419222043726e-02
2.496666673800007175e+00 2.995421892296058070e-02
2.508333340500007225e+00 2.937817625136518798e-02
2.520000007200007275e+00 2.880213357976978833e-02
2.531666673900007325e+00 2.275368552801813188e-02
2.543333340600007375e+00 2.073753617743424871e-02
2.555000007300007425e+00 2.822609090817439215e-02
2.566666674000007475e+00 2.563389888599511279e-02
2.578333340700007525e+00 2.822609090817439215e-02
2.590000007400007576e+00 2.102555751323194680e-02
2.601666674100007626e+00 2.073753617743424871e-02
2.613333340800007676e+00 1.929742949844575825e-02
2.625000007500007726e+00 2.765004823657899943e-02
2.636666674200007776e+00 2.592192022179281088e-02
2.648333340900007826e+00 2.275368552801813188e-02
2.660000007600007876e+00 2.448181354280432043e-02
2.671666674300007926e+00 2.246566419222043726e-02
2.683333341000007977e+00 2.390577087120892424e-02
2.695000007700008027e+00 2.102555751323194680e-02
2.706666674400008077e+00 2.073753617743424871e-02
2.718333341100008127e+00 1.987347217004115443e-02
2.730000007800008177e+00 1.670523747626647890e-02
2.741666674500008227e+00 2.131357884902964489e-02
2.753333341200008277e+00 2.304170686381583344e-02
2.765000007900008328e+00 1.440106678988489416e-02
2.776666674600008378e+00 1.929742949844575825e-02
2.788333341300008428e+00 1.843336549105266745e-02
2.800000008000008478e+00 2.044951484163655062e-02
2.811666674700008528e+00 1.872138682685036207e-02
2.823333341400008134e+00 1.843336549105266745e-02
2.835000008100008184e+00 1.785732281945726779e-02
2.846666674800008234e+00 2.016149350583885599e-02
2.858333341500008284e+00 2.016149350583885599e-02
2.870000008200008335e+00 1.670523747626647890e-02
2.881666674900008385e+00 1.728128014786187508e-02
2.893333341600008435e+00 1.468908812568259399e-02
2.905000008300008485e+00 1.468908812568259399e-02
2.916666675000008535e+00 1.440106678988489416e-02
2.928333341700008585e+00 1.872138682685036207e-02
2.940000008400008635e+00 1.641721614046878081e-02
2.951666675100008685e+00 1.440106678988489416e-02
2.963333341800008736e+00 1.814534415525496588e-02
2.975000008500008786e+00 1.123283209611021863e-02
2.986666675200008836e+00 1.296096011089640544e-02
2.998333341900008886e+00 8.928661409728633896e-03
3.010000008600008936e+00 1.152085343190791672e-02
3.021666675300008986e+00 1.468908812568259399e-02
3.033333342000009036e+00 1.238491743930101099e-02
3.045000008700009086e+00 8.640640073930937540e-03
3.056666675400009137e+00 1.008074675291942800e-02
3.068333342100009187e+00 1.180887476770561308e-02
3.080000008800009237e+00 1.209689610350331290e-02
3.091666675500009287e+00 9.216682745526333723e-03
3.103333342200009337e+00 1.123283209611021863e-02
3.115000008900009387e+00 1.123283209611021863e-02
3.126666675600009437e+00 1.123283209611021863e-02
3.138333342300009488e+00 1.123283209611021863e-02
3.150000009000009538e+00 1.209689610350331290e-02
3.161666675700009144e+00 1.353700278249180163e-02
3.173333342400009194e+00 1.008074675291942800e-02
3.185000009100009244e+00 1.382502411828949972e-02
3.196666675800009294e+00 6.912512059144749858e-03
3.208333342500009344e+00 9.504704081324030079e-03
3.220000009200009394e+00 1.209689610350331290e-02
3.231666675900009444e+00 1.152085343190791672e-02
3.243333342600009495e+00 1.065678942451482245e-02
3.255000009300009545e+00 7.200533394942447082e-03
3.266666676000009595e+00 1.152085343190791672e-02
3.278333342700009645e+00 1.008074675291942800e-02
3.290000009400009695e+00 8.352618738133239448e-03
3.301666676100009745e+00 1.123283209611021863e-02
3.313333342800009795e+00 1.094481076031252227e-02
3.325000009500009845e+00 7.200533394942447082e-03
3.336666676200009896e+00 7.488554730740145174e-03
3.348333342900009946e+00 8.928661409728633896e-03
3.360000009600009996e+00 9.792725417121728171e-03
3.371666676300010046e+00 7.776576066537842398e-03
3.383333343000010096e+00 9.504704081324030079e-03
3.395000009700010146e+00 8.352618738133239448e-03
3.406666676400010196e+00 6.912512059144749858e-03
3.418333343100010246e+00 8.064597402335541357e-03
3.430000009800010297e+00 6.336469387549353675e-03
3.441666676500010347e+00 8.640640073930937540e-03
3.453333343200010397e+00 7.200533394942447082e-03
3.465000009900010447e+00 6.624490723347050899e-03
3.476666676600010497e+00 7.488554730740145174e-03
3.488333343300010103e+00 4.896362708560864085e-03
