0.000000000000000000e+00 1.691618072119313761e-03
2.999999930000004852e-02 5.074854216357941282e-03
5.999999860000009705e-02 2.199103493755107802e-02
8.999999790000014210e-02 4.736530601934078183e-02
1.199999972000001941e-01 8.965575782232362845e-02
1.499999965000002322e-01 1.014970843271588152e-01
1.799999958000002842e-01 1.505540084186189065e-01
2.099999951000003362e-01 2.063774047985562632e-01
2.399999944000003882e-01 2.486678566015390890e-01
2.699999937000004402e-01 2.977247806929991802e-01
2.999999930000004644e-01 3.366319963517434011e-01
3.299999923000005442e-01 3.958386288759194183e-01
3.599999916000005684e-01 5.125602758521520252e-01
3.899999909000006482e-01 5.836082348811632015e-01
4.199999902000006724e-01 6.072908878908336305e-01
4.499999895000007522e-01 6.242070686120266831e-01
4.799999888000007764e-01 7.223209167949469212e-01
5.099999881000008006e-01 7.257041529391855539e-01
5.399999874000008804e-01 7.798359312470035665e-01
5.699999867000009601e-01 7.916772577518388365e-01
5.999999860000009289e-01 8.508838902760147427e-01
6.299999853000010086e-01 8.880994878626395916e-01
6.599999846000010884e-01 9.354647938819804498e-01
6.899999839000011681e-01 9.777552456849633034e-01
7.199999832000011368e-01 9.388480300262190825e-01
7.499999825000012166e-01 9.659139191801280333e-01
7.799999818000012963e-01 1.001437898694633732e+00
8.099999811000012651e-01 9.608390649637701397e-01
8.399999804000013448e-01 9.236234673771451797e-01
8.699999797000014246e-01 1.001437898694633732e+00
8.999999790000015043e-01 9.185486131607872862e-01
9.299999783000014730e-01 8.948659601511169681e-01
9.599999776000015528e-01 8.796413975020430653e-01
9.899999769000016325e-01 8.914827240068783354e-01
1.019999976200001601e+00 8.322760914827023182e-01
1.049999975500001792e+00 7.578448963094525093e-01
1.079999974800001761e+00 7.646113685979296637e-01
1.109999974100001729e+00 7.121712083622310230e-01
1.139999973400001920e+00 6.715723746313675413e-01
1.169999972700001889e+00 5.988327975302369932e-01
1.199999972000001858e+00 5.734585264484474143e-01
1.229999971300002048e+00 5.903747071696404669e-01
1.259999970600002017e+00 5.328596927175838216e-01
1.289999969900001986e+00 4.787279144097657535e-01
1.319999969200002177e+00 4.212128999577090527e-01
1.349999968500002145e+00 4.584284975443339571e-01
1.379999967800002336e+00 4.161380457413511591e-01
1.409999967100002305e+00 3.535481770729365647e-01
1.439999966400002274e+00 3.467817047844592993e-01
1.469999965700002464e+00 3.264822879190275029e-01
1.499999965000002433e+00 3.197158156305502930e-01
1.529999964300002402e+00 3.061828710535958176e-01
1.559999963600002593e+00 2.638924192506129640e-01
1.589999962900002561e+00 2.520510927457776940e-01
1.619999962200002530e+00 1.843863698610051782e-01
1.649999961500002721e+00 2.300600578082266368e-01
1.679999960800002690e+00 1.894612240773631273e-01
1.709999960100002658e+00 1.759282795004086242e-01
1.739999959400002849e+00 1.894612240773631273e-01
1.769999958700002818e+00 1.370210638416644033e-01
1.799999958000003009e+00 1.251797373368292166e-01
1.829999957300002977e+00 1.048803204713974341e-01
1.859999956600002946e+00 1.201048831204712675e-01
1.889999955900003137e+00 1.302545915531871379e-01
1.919999955200003106e+00 1.167216469762326486e-01
1.949999954500003074e+00 1.031887023992781316e-01
1.979999953800003265e+00 7.781443131748842779e-02
2.009999953100003456e+00 7.104795902901117621e-02
2.039999952400003203e+00 7.612281324536912530e-02
2.069999951700003393e+00 8.796413975020431208e-02
2.099999951000003584e+00 5.920663252417598249e-02
2.129999950300003331e+00 4.736530601934078183e-02
2.159999949600003522e+00 4.229045180298283968e-02
2.189999948900003712e+00 5.751501445205665919e-02
2.219999948200003459e+00 5.244016023569871704e-02
2.249999947500003650e+00 4.567368794722146547e-02
2.279999946800003841e+00 4.059883373086353026e-02
2.309999946100003587e+00 5.582339637993734976e-02
2.339999945400003778e+00 4.059883373086353026e-02
2.369999944700003969e+00 3.552397951450558811e-02
2.399999944000003715e+00 5.413177830781804034e-02
2.429999943300003906e+00 4.398206987510215604e-02
2.459999942600004097e+00 2.706588915390902017e-02
2.489999941900003844e+00 1.691618072119313587e-02
2.519999941200004034e+00 3.214074337026696232e-02
2.549999940500004225e+00 1.522456264907382298e-02
2.579999939800003972e+00 1.691618072119313587e-02
2.609999939100004163e+00 3.552397951450558811e-02
2.639999938400004353e+00 2.368265300967039091e-02
2.669999937700004100e+00 2.199103493755107802e-02
2.699999937000004291e+00 1.184132650483519546e-02
2.729999936300004482e+00 2.199103493755107802e-02
2.759999935600004672e+00 2.029941686543176513e-02
2.789999934900004419e+00 2.029941686543176513e-02
2.819999934200004610e+00 2.368265300967039091e-02
2.849999933500004801e+00 1.522456264907382298e-02
2.879999932800004547e+00 2.706588915390902017e-02
2.909999932100004738e+00 1.522456264907382298e-02
2.939999931400004929e+00 2.199103493755107802e-02
2.969999930700004676e+00 1.522456264907382298e-02
